0.000000000000000000e+00
3.144737390980774094e-01
6.289474781961548189e-01
9.434212172942322283e-01
1.257894956392309638e+00
1.572368695490387047e+00
1.886842434588464457e+00
2.201316173686541866e+00
2.515789912784619275e+00
2.830263651882696685e+00
3.144737390980774094e+00
3.459211130078851504e+00
3.773684869176928913e+00
4.088158608275006323e+00
4.402632347373083732e+00
4.717106086471161142e+00
5.031579825569238551e+00
5.346053564667315960e+00
5.660527303765393370e+00
5.975001042863470779e+00
6.289474781961548189e+00
6.603948521059625598e+00
6.918422260157703008e+00
7.232895999255780417e+00
7.547369738353857826e+00
7.861843477451935236e+00
8.176317216550012645e+00
8.490790955648090943e+00
8.805264694746167464e+00
9.119738433844243986e+00
9.434212172942322283e+00
9.748685912040400581e+00
1.006315965113847710e+01
1.037763339023655362e+01
1.069210712933463192e+01
1.100658086843271022e+01
1.132105460753078674e+01
1.163552834662886326e+01
1.195000208572694156e+01
1.226447582482501986e+01
1.257894956392309638e+01
1.289342330302117290e+01
1.320789704211925120e+01
1.352237078121732949e+01
1.383684452031540602e+01
1.415131825941348254e+01
1.446579199851156083e+01
1.478026573760963913e+01
1.509473947670771565e+01
1.540921321580579217e+01
1.572368695490387047e+01
1.603816069400194877e+01
1.635263443310002529e+01
1.666710817219810181e+01
1.698158191129618189e+01
1.729605565039425841e+01
1.761052938949233493e+01
1.792500312859041145e+01
1.823947686768848797e+01
1.855395060678656804e+01
1.886842434588464457e+01
1.918289808498272109e+01
1.949737182408080116e+01
1.981184556317887768e+01
2.012631930227695420e+01
2.044079304137503073e+01
2.075526678047310725e+01
2.106974051957118732e+01
2.138421425866926384e+01
2.169868799776734036e+01
2.201316173686542044e+01
2.232763547596349696e+01
2.264210921506157348e+01
2.295658295415965000e+01
2.327105669325772652e+01
2.358553043235580660e+01
2.390000417145388312e+01
2.421447791055195964e+01
2.452895164965003971e+01
2.484342538874811623e+01
2.515789912784619275e+01
2.547237286694426928e+01
2.578684660604234580e+01
2.610132034514042587e+01
2.641579408423850239e+01
2.673026782333657891e+01
2.704474156243465899e+01
2.735921530153273551e+01
2.767368904063081203e+01
2.798816277972888855e+01
2.830263651882696507e+01
2.861711025792504515e+01
2.893158399702312167e+01
2.924605773612119819e+01
2.956053147521927826e+01
2.987500521431735478e+01
3.018947895341543131e+01
3.050395269251350783e+01
3.081842643161158435e+01
3.113290017070966442e+01
3.144737390980774094e+01
3.176184764890581746e+01
3.207632138800389754e+01
3.239079512710197406e+01
3.270526886620005058e+01
3.301974260529812710e+01
3.333421634439620362e+01
3.364869008349428015e+01
3.396316382259236377e+01
3.427763756169044029e+01
3.459211130078851681e+01
3.490658503988659334e+01
3.522105877898466986e+01
3.553553251808274638e+01
3.585000625718082290e+01
3.616447999627889942e+01
3.647895373537697594e+01
3.679342747447505957e+01
3.710790121357313609e+01
3.742237495267121261e+01
3.773684869176928913e+01
3.805132243086736565e+01
3.836579616996544217e+01
3.868026990906351870e+01
3.899474364816160232e+01
3.930921738725967884e+01
3.962369112635775537e+01
3.993816486545583189e+01
4.025263860455390841e+01
4.056711234365198493e+01
4.088158608275006145e+01
4.119605982184813797e+01
4.151053356094621449e+01
4.182500730004429812e+01
4.213948103914237464e+01
4.245395477824045116e+01
4.276842851733852768e+01
4.308290225643660420e+01
4.339737599553468073e+01
4.371184973463275725e+01
4.402632347373084087e+01
4.434079721282891740e+01
4.465527095192699392e+01
4.496974469102507044e+01
4.528421843012314696e+01
4.559869216922122348e+01
4.591316590831930000e+01
4.622763964741737652e+01
4.654211338651545304e+01
4.685658712561353667e+01
4.717106086471161319e+01
4.748553460380968971e+01
4.780000834290776623e+01
4.811448208200584276e+01
4.842895582110391928e+01
4.874342956020199580e+01
4.905790329930007942e+01
4.937237703839815595e+01
4.968685077749623247e+01
5.000132451659430899e+01
5.031579825569238551e+01
5.063027199479046203e+01
5.094474573388853855e+01
5.125921947298661507e+01
5.157369321208469160e+01
5.188816695118277522e+01
5.220264069028085174e+01
5.251711442937892826e+01
5.283158816847700479e+01
5.314606190757508131e+01
5.346053564667315783e+01
5.377500938577123435e+01
5.408948312486931798e+01
5.440395686396739450e+01
5.471843060306547102e+01
5.503290434216354754e+01
5.534737808126162406e+01
5.566185182035970058e+01
5.597632555945777710e+01
5.629079929855585362e+01
5.660527303765393015e+01
5.691974677675201377e+01
5.723422051585009029e+01
5.754869425494816682e+01
5.786316799404624334e+01
5.817764173314431986e+01
5.849211547224239638e+01
5.880658921134047290e+01
5.912106295043855653e+01
5.943553668953663305e+01
5.975001042863470957e+01
6.006448416773278609e+01
6.037895790683086261e+01
6.069343164592893913e+01
6.100790538502701565e+01
6.132237912412509218e+01
6.163685286322316870e+01
6.195132660232125232e+01
6.226580034141932884e+01
6.258027408051740537e+01
6.289474781961548189e+01
6.320922155871355841e+01
6.352369529781163493e+01
6.383816903690971145e+01
6.415264277600779508e+01
6.446711651510587160e+01
6.478159025420394812e+01
6.509606399330202464e+01
6.541053773240010116e+01
6.572501147149817768e+01
6.603948521059625421e+01
6.635395894969433073e+01
6.666843268879240725e+01
6.698290642789048377e+01
6.729738016698856029e+01
6.761185390608663681e+01
6.792632764518472754e+01
6.824080138428280407e+01
6.855527512338088059e+01
6.886974886247895711e+01
6.918422260157703363e+01
6.949869634067511015e+01
6.981317007977318667e+01
7.012764381887126319e+01
7.044211755796933971e+01
7.075659129706741624e+01
7.107106503616549276e+01
7.138553877526356928e+01
7.170001251436164580e+01
7.201448625345972232e+01
7.232895999255779884e+01
7.264343373165587536e+01
7.295790747075395188e+01
7.327238120985204262e+01
7.358685494895011914e+01
7.390132868804819566e+01
7.421580242714627218e+01
7.453027616624434870e+01
7.484474990534242522e+01
7.515922364444050174e+01
7.547369738353857826e+01
7.578817112263665479e+01
7.610264486173473131e+01
7.641711860083280783e+01
7.673159233993088435e+01
7.704606607902896087e+01
7.736053981812703739e+01
7.767501355722511391e+01
7.798948729632320465e+01
7.830396103542128117e+01
7.861843477451935769e+01
7.893290851361743421e+01
7.924738225271551073e+01
7.956185599181358725e+01
7.987632973091166377e+01
8.019080347000974029e+01
8.050527720910781682e+01
8.081975094820589334e+01
8.113422468730396986e+01
8.144869842640204638e+01
8.176317216550012290e+01
8.207764590459819942e+01
8.239211964369627594e+01
8.270659338279435246e+01
8.302106712189242899e+01
8.333554086099051972e+01
8.365001460008859624e+01
8.396448833918667276e+01
8.427896207828474928e+01
8.459343581738282580e+01
8.490790955648090232e+01
8.522238329557897885e+01
8.553685703467705537e+01
8.585133077377513189e+01
8.616580451287320841e+01
8.648027825197128493e+01
8.679475199106936145e+01
8.710922573016743797e+01
8.742369946926551449e+01
8.773817320836359102e+01
8.805264694746168175e+01
8.836712068655975827e+01
8.868159442565783479e+01
8.899606816475591131e+01
8.931054190385398783e+01
8.962501564295206435e+01
8.993948938205014088e+01
9.025396312114821740e+01
9.056843686024629392e+01
9.088291059934437044e+01
9.119738433844244696e+01
9.151185807754052348e+01
9.182633181663860000e+01
9.214080555573667652e+01
9.245527929483475305e+01
9.276975303393282957e+01
9.308422677303090609e+01
9.339870051212899682e+01
9.371317425122707334e+01
9.402764799032514986e+01
9.434212172942322638e+01
9.465659546852130291e+01
9.497106920761937943e+01
9.528554294671745595e+01
9.560001668581553247e+01
9.591449042491360899e+01
9.622896416401168551e+01
9.654343790310976203e+01
9.685791164220783855e+01
9.717238538130591508e+01
9.748685912040399160e+01
9.780133285950206812e+01
9.811580659860015885e+01
9.843028033769823537e+01
9.874475407679631189e+01
9.905922781589438841e+01
9.937370155499246493e+01
9.968817529409054146e+01
1.000026490331886180e+02
1.003171227722866945e+02
1.006315965113847710e+02
1.009460702504828475e+02
1.012605439895809241e+02
1.015750177286790006e+02
1.018894914677770771e+02
1.022039652068751536e+02
1.025184389459732301e+02
1.028329126850713067e+02
1.031473864241693832e+02
1.034618601632674739e+02
1.037763339023655504e+02
1.040908076414636270e+02
1.044052813805617035e+02
1.047197551196597800e+02
1.050342288587578565e+02
1.053487025978559330e+02
1.056631763369540096e+02
1.059776500760520861e+02
1.062921238151501626e+02
1.066065975542482391e+02
1.069210712933463157e+02
1.072355450324443922e+02
1.075500187715424687e+02
1.078644925106405452e+02
1.081789662497386360e+02
1.084934399888367125e+02
1.088079137279347890e+02
1.091223874670328655e+02
1.094368612061309420e+02
1.097513349452290186e+02
1.100658086843270951e+02
1.103802824234251716e+02
1.106947561625232481e+02
1.110092299016213246e+02
1.113237036407194012e+02
1.116381773798174777e+02
1.119526511189155542e+02
1.122671248580136307e+02
1.125815985971117072e+02
1.128960723362097838e+02
1.132105460753078603e+02
1.135250198144059510e+02
1.138394935535040275e+02
1.141539672926021041e+02
1.144684410317001806e+02
1.147829147707982571e+02
1.150973885098963336e+02
1.154118622489944102e+02
1.157263359880924867e+02
1.160408097271905632e+02
1.163552834662886397e+02
1.166697572053867162e+02
1.169842309444847928e+02
1.172987046835828693e+02
1.176131784226809458e+02
1.179276521617790223e+02
1.182421259008771131e+02
1.185565996399751896e+02
1.188710733790732661e+02
1.191855471181713426e+02
1.195000208572694191e+02
1.198144945963674957e+02
1.201289683354655722e+02
1.204434420745636487e+02
1.207579158136617252e+02
1.210723895527598017e+02
1.213868632918578783e+02
1.217013370309559548e+02
1.220158107700540313e+02
1.223302845091521078e+02
1.226447582482501844e+02
1.229592319873482609e+02
1.232737057264463374e+02
1.235881794655444281e+02
1.239026532046425046e+02
1.242171269437405812e+02
1.245316006828386577e+02
1.248460744219367342e+02
1.251605481610348107e+02
1.254750219001328873e+02
1.257894956392309638e+02
1.261039693783290403e+02
1.264184431174271168e+02
1.267329168565251933e+02
1.270473905956232699e+02
1.273618643347213464e+02
1.276763380738194229e+02
1.279908118129174994e+02
1.283052855520155902e+02
1.286197592911136667e+02
1.289342330302117432e+02
1.292487067693098197e+02
1.295631805084078962e+02
1.298776542475059728e+02
1.301921279866040493e+02
1.305066017257021258e+02
1.308210754648002023e+02
1.311355492038982788e+02
1.314500229429963554e+02
1.317644966820944319e+02
1.320789704211925084e+02
1.323934441602905849e+02
1.327079178993886615e+02
1.330223916384867380e+02
1.333368653775848145e+02
1.336513391166828910e+02
1.339658128557809675e+02
1.342802865948790441e+02
1.345947603339771206e+02
1.349092340730751971e+02
1.352237078121732736e+02
1.355381815512713501e+02
1.358526552903694551e+02
1.361671290294675316e+02
1.364816027685656081e+02
1.367960765076636847e+02
1.371105502467617612e+02
1.374250239858598377e+02
1.377394977249579142e+02
1.380539714640559907e+02
1.383684452031540673e+02
1.386829189422521438e+02
1.389973926813502203e+02
1.393118664204482968e+02
1.396263401595463733e+02
1.399408138986444499e+02
1.402552876377425264e+02
1.405697613768406029e+02
1.408842351159386794e+02
1.411987088550367559e+02
1.415131825941348325e+02
1.418276563332329090e+02
1.421421300723309855e+02
1.424566038114290620e+02
1.427710775505271386e+02
1.430855512896252151e+02
1.434000250287232916e+02
1.437144987678213681e+02
1.440289725069194446e+02
1.443434462460175212e+02
1.446579199851155977e+02
1.449723937242136742e+02
1.452868674633117507e+02
1.456013412024098272e+02
1.459158149415079038e+02
1.462302886806060087e+02
1.465447624197040852e+02
1.468592361588021618e+02
1.471737098979002383e+02
1.474881836369983148e+02
1.478026573760963913e+02
1.481171311151944678e+02
1.484316048542925444e+02
1.487460785933906209e+02
1.490605523324886974e+02
1.493750260715867739e+02
1.496894998106848504e+02
1.500039735497829270e+02
1.503184472888810035e+02
1.506329210279790800e+02
1.509473947670771565e+02
1.512618685061752331e+02
1.515763422452733096e+02
1.518908159843713861e+02
1.522052897234694626e+02
1.525197634625675391e+02
1.528342372016656157e+02
1.531487109407636922e+02
1.534631846798617687e+02
1.537776584189598452e+02
1.540921321580579217e+02
1.544066058971559983e+02
1.547210796362540748e+02
1.550355533753521513e+02
1.553500271144502278e+02
1.556645008535483043e+02
1.559789745926464093e+02
1.562934483317444858e+02
1.566079220708425623e+02
1.569223958099406389e+02
1.572368695490387154e+02
1.575513432881367919e+02
1.578658170272348684e+02
1.581802907663329449e+02
1.584947645054310215e+02
1.588092382445290980e+02
1.591237119836271745e+02
1.594381857227252510e+02
1.597526594618233275e+02
1.600671332009214041e+02
1.603816069400194806e+02
1.606960806791175571e+02
1.610105544182156336e+02
1.613250281573137102e+02
1.616395018964117867e+02
1.619539756355098632e+02
1.622684493746079397e+02
1.625829231137060162e+02
1.628973968528040928e+02
1.632118705919021693e+02
1.635263443310002458e+02
1.638408180700983223e+02
1.641552918091963988e+02
1.644697655482944754e+02
1.647842392873925519e+02
1.650987130264906284e+02
1.654131867655887049e+02
1.657276605046867815e+02
1.660421342437848580e+02
1.663566079828829629e+02
1.666710817219810394e+02
1.669855554610791160e+02
1.673000292001771925e+02
1.676145029392752690e+02
1.679289766783733455e+02
1.682434504174714220e+02
1.685579241565694986e+02
1.688723978956675751e+02
1.691868716347656516e+02
1.695013453738637281e+02
1.698158191129618046e+02
1.701302928520598812e+02
1.704447665911579577e+02
1.707592403302560342e+02
1.710737140693541107e+02
1.713881878084521873e+02
1.717026615475502638e+02
1.720171352866483403e+02
1.723316090257464168e+02
1.726460827648444933e+02
1.729605565039425699e+02
1.732750302430406464e+02
1.735895039821387229e+02
1.739039777212367994e+02
1.742184514603348759e+02
1.745329251994329525e+02
1.748473989385310290e+02
1.751618726776291055e+02
1.754763464167271820e+02
1.757908201558252586e+02
1.761052938949233635e+02
1.764197676340214400e+02
1.767342413731195165e+02
1.770487151122175931e+02
1.773631888513156696e+02
1.776776625904137461e+02
1.779921363295118226e+02
1.783066100686098991e+02
1.786210838077079757e+02
1.789355575468060522e+02
1.792500312859041287e+02
1.795645050250022052e+02
1.798789787641002818e+02
1.801934525031983583e+02
1.805079262422964348e+02
1.808223999813945113e+02
1.811368737204925878e+02
1.814513474595906644e+02
1.817658211986887409e+02
1.820802949377868174e+02
1.823947686768848939e+02
1.827092424159829704e+02
1.830237161550810470e+02
1.833381898941791235e+02
1.836526636332772000e+02
1.839671373723752765e+02
1.842816111114733530e+02
1.845960848505714296e+02
1.849105585896695061e+02
1.852250323287675826e+02
1.855395060678656591e+02
1.858539798069637357e+02
1.861684535460618122e+02
1.864829272851599171e+02
1.867974010242579936e+02
1.871118747633560702e+02
1.874263485024541467e+02
1.877408222415522232e+02
1.880552959806502997e+02
1.883697697197483762e+02
1.886842434588464528e+02
1.889987171979445293e+02
1.893131909370426058e+02
1.896276646761406823e+02
1.899421384152387589e+02
1.902566121543368354e+02
1.905710858934349119e+02
1.908855596325329884e+02
1.912000333716310649e+02
1.915145071107291415e+02
1.918289808498272180e+02
1.921434545889252945e+02
1.924579283280233710e+02
1.927724020671214475e+02
1.930868758062195241e+02
1.934013495453176006e+02
1.937158232844156771e+02
1.940302970235137536e+02
1.943447707626118302e+02
1.946592445017099067e+02
1.949737182408079832e+02
1.952881919799060597e+02
1.956026657190041362e+02
1.959171394581022128e+02
1.962316131972003177e+02
1.965460869362983942e+02
1.968605606753964707e+02
1.971750344144945473e+02
1.974895081535926238e+02
1.978039818926907003e+02
1.981184556317887768e+02
1.984329293708868533e+02
1.987474031099849299e+02
1.990618768490830064e+02
1.993763505881810829e+02
1.996908243272791594e+02
2.000052980663772360e+02
2.003197718054753125e+02
2.006342455445733890e+02
2.009487192836714655e+02
2.012631930227695420e+02
2.015776667618676186e+02
2.018921405009656951e+02
2.022066142400637716e+02
2.025210879791618481e+02
2.028355617182599246e+02
2.031500354573580012e+02
2.034645091964560777e+02
2.037789829355541542e+02
2.040934566746522307e+02
2.044079304137503073e+02
2.047224041528483838e+02
2.050368778919464603e+02
2.053513516310445368e+02
2.056658253701426133e+02
2.059802991092406899e+02
2.062947728483387664e+02
2.066092465874368713e+02
2.069237203265349478e+02
2.072381940656330244e+02
2.075526678047311009e+02
2.078671415438291774e+02
2.081816152829272539e+02
2.084960890220253305e+02
2.088105627611234070e+02
2.091250365002214835e+02
2.094395102393195600e+02
2.097539839784176365e+02
2.100684577175157131e+02
2.103829314566137896e+02
2.106974051957118661e+02
2.110118789348099426e+02
2.113263526739080191e+02
2.116408264130060957e+02
2.119553001521041722e+02
2.122697738912022487e+02
2.125842476303003252e+02
2.128987213693984017e+02
2.132131951084964783e+02
2.135276688475945548e+02
2.138421425866926313e+02
2.141566163257907078e+02
2.144710900648887844e+02
2.147855638039868609e+02
2.151000375430849374e+02
2.154145112821830139e+02
2.157289850212810904e+02
2.160434587603791670e+02
2.163579324994772719e+02
2.166724062385753484e+02
2.169868799776734249e+02
2.173013537167715015e+02
2.176158274558695780e+02
2.179303011949676545e+02
2.182447749340657310e+02
2.185592486731638076e+02
2.188737224122618841e+02
2.191881961513599606e+02
2.195026698904580371e+02
2.198171436295561136e+02
2.201316173686541902e+02
2.204460911077522667e+02
2.207605648468503432e+02
2.210750385859484197e+02
2.213895123250464962e+02
2.217039860641445728e+02
2.220184598032426493e+02
2.223329335423407258e+02
2.226474072814388023e+02
2.229618810205368789e+02
2.232763547596349554e+02
2.235908284987330319e+02
2.239053022378311084e+02
2.242197759769291849e+02
2.245342497160272615e+02
2.248487234551253380e+02
2.251631971942234145e+02
2.254776709333214910e+02
2.257921446724195675e+02
2.261066184115176441e+02
2.264210921506157206e+02
2.267355658897138255e+02
2.270500396288119020e+02
2.273645133679099786e+02
2.276789871070080551e+02
2.279934608461061316e+02
2.283079345852042081e+02
2.286224083243022847e+02
2.289368820634003612e+02
2.292513558024984377e+02
2.295658295415965142e+02
2.298803032806945907e+02
2.301947770197926673e+02
2.305092507588907438e+02
2.308237244979888203e+02
2.311381982370868968e+02
2.314526719761849733e+02
2.317671457152830499e+02
2.320816194543811264e+02
2.323960931934792029e+02
2.327105669325772794e+02
2.330250406716753560e+02
2.333395144107734325e+02
2.336539881498715090e+02
2.339684618889695855e+02
2.342829356280676620e+02
2.345974093671657386e+02
2.349118831062638151e+02
2.352263568453618916e+02
2.355408305844599681e+02
2.358553043235580446e+02
2.361697780626561212e+02
2.364842518017542261e+02
2.367987255408523026e+02
2.371131992799503792e+02
2.374276730190484557e+02
2.377421467581465322e+02
2.380566204972446087e+02
2.383710942363426852e+02
2.386855679754407618e+02
2.390000417145388383e+02
2.393145154536369148e+02
2.396289891927349913e+02
2.399434629318330678e+02
2.402579366709311444e+02
2.405724104100292209e+02
2.408868841491272974e+02
2.412013578882253739e+02
2.415158316273234504e+02
2.418303053664215270e+02
2.421447791055196035e+02
2.424592528446176800e+02
2.427737265837157565e+02
2.430882003228138331e+02
2.434026740619119096e+02
2.437171478010099861e+02
2.440316215401080626e+02
2.443460952792061391e+02
2.446605690183042157e+02
2.449750427574022922e+02
2.452895164965003687e+02
2.456039902355984452e+02
2.459184639746965217e+02
2.462329377137945983e+02
2.465474114528926748e+02
2.468618851919907797e+02
2.471763589310888563e+02
2.474908326701869328e+02
2.478053064092850093e+02
2.481197801483830858e+02
2.484342538874811623e+02
2.487487276265792389e+02
2.490632013656773154e+02
2.493776751047753919e+02
2.496921488438734684e+02
2.500066225829715449e+02
2.503210963220696215e+02
2.506355700611676980e+02
2.509500438002657745e+02
2.512645175393638510e+02
2.515789912784619275e+02
2.518934650175600041e+02
2.522079387566580806e+02
2.525224124957561571e+02
2.528368862348542336e+02
2.531513599739523102e+02
2.534658337130503867e+02
2.537803074521484632e+02
2.540947811912465397e+02
2.544092549303446162e+02
2.547237286694426928e+02
2.550382024085407693e+02
2.553526761476388458e+02
2.556671498867369223e+02
2.559816236258349988e+02
2.562960973649330754e+02
2.566105711040311803e+02
2.569250448431292284e+02
2.572395185822273334e+02
2.575539923213253815e+02
2.578684660604234864e+02
2.581829397995215345e+02
2.584974135386196394e+02
2.588118872777176875e+02
2.591263610168157925e+02
2.594408347559138406e+02
2.597553084950119455e+02
2.600697822341099936e+02
2.603842559732080986e+02
2.606987297123061467e+02
2.610132034514042516e+02
2.613276771905022997e+02
2.616421509296004047e+02
2.619566246686985096e+02
2.622710984077965577e+02
2.625855721468946626e+02
2.629000458859927107e+02
2.632145196250908157e+02
2.635289933641888638e+02
2.638434671032869687e+02
2.641579408423850168e+02
2.644724145814831218e+02
2.647868883205811699e+02
2.651013620596792748e+02
2.654158357987773229e+02
2.657303095378754278e+02
2.660447832769734759e+02
2.663592570160715809e+02
2.666737307551696290e+02
2.669882044942677339e+02
2.673026782333657820e+02
2.676171519724638870e+02
2.679316257115619351e+02
2.682460994506600400e+02
2.685605731897580881e+02
2.688750469288561931e+02
2.691895206679542412e+02
2.695039944070523461e+02
2.698184681461503942e+02
2.701329418852484991e+02
2.704474156243465472e+02
2.707618893634446522e+02
2.710763631025427003e+02
2.713908368416408052e+02
2.717053105807389102e+02
2.720197843198369583e+02
2.723342580589350632e+02
2.726487317980331113e+02
2.729632055371312163e+02
2.732776792762292644e+02
2.735921530153273693e+02
2.739066267544254174e+02
2.742211004935235223e+02
2.745355742326215704e+02
2.748500479717196754e+02
2.751645217108177235e+02
2.754789954499158284e+02
2.757934691890138765e+02
2.761079429281119815e+02
2.764224166672100296e+02
2.767368904063081345e+02
2.770513641454061826e+02
2.773658378845042876e+02
2.776803116236023357e+02
2.779947853627004406e+02
2.783092591017984887e+02
2.786237328408965936e+02
2.789382065799946417e+02
2.792526803190927467e+02
2.795671540581907948e+02
2.798816277972888997e+02
2.801961015363869478e+02
2.805105752754850528e+02
2.808250490145831009e+02
2.811395227536812058e+02
2.814539964927792539e+02
2.817684702318773589e+02
2.820829439709754638e+02
2.823974177100735119e+02
2.827118914491716168e+02
2.830263651882696649e+02
2.833408389273677699e+02
2.836553126664658180e+02
2.839697864055639229e+02
2.842842601446619710e+02
2.845987338837600760e+02
2.849132076228581241e+02
2.852276813619562290e+02
2.855421551010542771e+02
2.858566288401523821e+02
2.861711025792504302e+02
2.864855763183485351e+02
2.868000500574465832e+02
2.871145237965446881e+02
2.874289975356427362e+02
2.877434712747408412e+02
2.880579450138388893e+02
2.883724187529369942e+02
2.886868924920350423e+02
2.890013662311331473e+02
2.893158399702311954e+02
2.896303137093293003e+02
2.899447874484273484e+02
2.902592611875254534e+02
2.905737349266235015e+02
2.908882086657216064e+02
2.912026824048196545e+02
2.915171561439177594e+02
2.918316298830158075e+02
2.921461036221139125e+02
2.924605773612120174e+02
2.927750511003100655e+02
2.930895248394081705e+02
2.934039985785062186e+02
2.937184723176043235e+02
2.940329460567023716e+02
2.943474197958004765e+02
2.946618935348985246e+02
2.949763672739966296e+02
2.952908410130946777e+02
2.956053147521927826e+02
2.959197884912908307e+02
2.962342622303889357e+02
2.965487359694869838e+02
2.968632097085850887e+02
2.971776834476831368e+02
2.974921571867812418e+02
2.978066309258792899e+02
2.981211046649773948e+02
2.984355784040754429e+02
2.987500521431735478e+02
2.990645258822715959e+02
2.993789996213697009e+02
2.996934733604677490e+02
3.000079470995658539e+02
3.003224208386639020e+02
3.006368945777620070e+02
3.009513683168600551e+02
3.012658420559581600e+02
3.015803157950562081e+02
3.018947895341543131e+02
3.022092632732524180e+02
3.025237370123504661e+02
3.028382107514485710e+02
3.031526844905466191e+02
3.034671582296447241e+02
3.037816319687427722e+02
3.040961057078408771e+02
3.044105794469389252e+02
3.047250531860370302e+02
3.050395269251350783e+02
3.053540006642331832e+02
3.056684744033312313e+02
3.059829481424293363e+02
3.062974218815273844e+02
3.066118956206254893e+02
3.069263693597235374e+02
3.072408430988216423e+02
3.075553168379196904e+02
3.078697905770177954e+02
3.081842643161158435e+02
3.084987380552139484e+02
3.088132117943119965e+02
3.091276855334101015e+02
3.094421592725081496e+02
3.097566330116062545e+02
3.100711067507043026e+02
3.103855804898024076e+02
3.107000542289004557e+02
3.110145279679985606e+02
3.113290017070966087e+02
3.116434754461947136e+02
3.119579491852928186e+02
3.122724229243908667e+02
3.125868966634889716e+02
3.129013704025870197e+02
3.132158441416851247e+02
3.135303178807831728e+02
3.138447916198812777e+02
3.141592653589793258e+02
