0.000000000000000000e+00
9.424777960769378793e-02
1.884955592153875759e-01
2.827433388230813360e-01
3.769911184307751517e-01
4.712388980384689674e-01
5.654866776461626721e-01
6.597344572538564877e-01
7.539822368615503034e-01
8.482300164692441191e-01
9.424777960769379348e-01
1.036725575684631639e+00
1.130973355292325344e+00
1.225221134900019271e+00
1.319468914507712975e+00
1.413716694115406902e+00
1.507964473723100607e+00
1.602212253330794312e+00
1.696460032938488238e+00
1.790707812546181943e+00
1.884955592153875870e+00
1.979203371761569574e+00
2.073451151369263279e+00
2.167698930976956984e+00
2.261946710584650688e+00
2.356194490192344837e+00
2.450442269800038542e+00
2.544690049407732246e+00
2.638937829015425951e+00
2.733185608623119656e+00
2.827433388230813804e+00
2.921681167838507509e+00
3.015928947446201214e+00
3.110176727053894918e+00
3.204424506661588623e+00
3.298672286269282772e+00
3.392920065876976476e+00
3.487167845484670181e+00
3.581415625092363886e+00
3.675663404700057590e+00
3.769911184307751739e+00
3.864158963915445444e+00
3.958406743523139149e+00
4.052654523130833297e+00
4.146902302738526558e+00
4.241150082346220707e+00
4.335397861953913967e+00
4.429645641561608116e+00
4.523893421169301376e+00
4.618141200776995525e+00
4.712388980384689674e+00
4.806636759992382935e+00
4.900884539600077083e+00
4.995132319207770344e+00
5.089380098815464493e+00
5.183627878423158641e+00
5.277875658030851902e+00
5.372123437638546051e+00
5.466371217246239311e+00
5.560618996853933460e+00
5.654866776461627609e+00
5.749114556069320869e+00
5.843362335677015018e+00
5.937610115284708279e+00
6.031857894892402427e+00
6.126105674500096576e+00
6.220353454107789837e+00
6.314601233715483986e+00
6.408849013323177246e+00
6.503096792930871395e+00
6.597344572538565544e+00
6.691592352146258804e+00
6.785840131753952953e+00
6.880087911361646213e+00
6.974335690969340362e+00
7.068583470577034511e+00
7.162831250184727772e+00
7.257079029792421920e+00
7.351326809400115181e+00
7.445574589007809330e+00
7.539822368615503478e+00
7.634070148223196739e+00
7.728317927830890888e+00
7.822565707438584148e+00
7.916813487046278297e+00
8.011061266653971558e+00
8.105309046261666595e+00
8.199556825869359855e+00
8.293804605477053116e+00
8.388052385084746376e+00
8.482300164692441413e+00
8.576547944300134674e+00
8.670795723907827934e+00
8.765043503515522971e+00
8.859291283123216232e+00
8.953539062730909492e+00
9.047786842338602753e+00
9.142034621946297790e+00
9.236282401553991050e+00
9.330530181161684311e+00
9.424777960769379348e+00
9.519025740377072609e+00
9.613273519984765869e+00
9.707521299592460906e+00
9.801769079200154167e+00
9.896016858807847427e+00
9.990264638415540688e+00
1.008451241802323572e+01
1.017876019763092899e+01
1.027300797723862225e+01
1.036725575684631728e+01
1.046150353645401054e+01
1.055575131606170380e+01
1.064999909566939884e+01
1.074424687527709210e+01
1.083849465488478536e+01
1.093274243449247862e+01
1.102699021410017366e+01
1.112123799370786692e+01
1.121548577331556018e+01
1.130973355292325522e+01
1.140398133253094848e+01
1.149822911213864174e+01
1.159247689174633678e+01
1.168672467135403004e+01
1.178097245096172330e+01
1.187522023056941656e+01
1.196946801017711159e+01
1.206371578978480485e+01
1.215796356939249812e+01
1.225221134900019315e+01
1.234645912860788641e+01
1.244070690821557967e+01
1.253495468782327293e+01
1.262920246743096797e+01
1.272345024703866123e+01
1.281769802664635449e+01
1.291194580625404953e+01
1.300619358586174279e+01
1.310044136546943605e+01
1.319468914507713109e+01
1.328893692468482435e+01
1.338318470429251761e+01
1.347743248390021087e+01
1.357168026350790591e+01
1.366592804311559917e+01
1.376017582272329243e+01
1.385442360233098746e+01
1.394867138193868072e+01
1.404291916154637399e+01
1.413716694115406902e+01
1.423141472076176228e+01
1.432566250036945554e+01
1.441991027997714880e+01
1.451415805958484384e+01
1.460840583919253710e+01
1.470265361880023036e+01
1.479690139840792540e+01
1.489114917801561866e+01
1.498539695762331192e+01
1.507964473723100696e+01
1.517389251683870022e+01
1.526814029644639348e+01
1.536238807605408674e+01
1.545663585566178178e+01
1.555088363526947504e+01
1.564513141487716830e+01
1.573937919448486333e+01
1.583362697409255659e+01
1.592787475370024985e+01
1.602212253330794312e+01
1.611637031291563815e+01
1.621061809252333319e+01
1.630486587213102467e+01
1.639911365173871971e+01
1.649336143134641119e+01
1.658760921095410623e+01
1.668185699056180127e+01
1.677610477016949275e+01
1.687035254977718779e+01
1.696460032938488283e+01
1.705884810899257431e+01
1.715309588860026935e+01
1.724734366820796438e+01
1.734159144781565587e+01
1.743583922742335091e+01
1.753008700703104594e+01
1.762433478663873743e+01
1.771858256624643246e+01
1.781283034585412750e+01
1.790707812546181898e+01
1.800132590506951402e+01
1.809557368467720551e+01
1.818982146428490054e+01
1.828406924389259558e+01
1.837831702350028706e+01
1.847256480310798210e+01
1.856681258271567714e+01
1.866106036232336862e+01
1.875530814193106366e+01
1.884955592153875870e+01
