-2.999999999999999889e-01
-2.845907355773775183e-01
-2.668908125170285639e-01
-2.473034915253597144e-01
-2.262540757021766769e-01
-2.041787700460495070e-01
-1.815136617395617658e-01
-1.586838761630089967e-01
-1.360933794562580179e-01
-1.141156804193991930e-01
-9.308565699519032177e-02
-7.329276448242823261e-02
-5.497578972756714255e-02
-3.831930074058628732e-02
-2.345188901812621587e-02
-1.044624647073812314e-02
6.789370568965964921e-04
9.955331250955774813e-03
1.745971437415595393e-02
2.330731492592095014e-02
2.764400078196467547e-02
3.063762006238643018e-02
3.246883315388231911e-02
3.332179810360572786e-02
3.337507773016022694e-02
3.279312847525255731e-02
3.171870582613584011e-02
3.026648298233531459e-02
2.851812896136473457e-02
2.651903238483153610e-02
2.427679041047211064e-02
2.176151151669822315e-02
1.890790892770719683e-02
1.561909116298644713e-02
1.177189015729460282e-02
7.223508115673057083e-03
1.819214008253240309e-03
-4.599218664658635825e-03
-1.218466793387259182e-02
-2.107576147986788342e-02
-3.138826416186755314e-02
-4.320708771301623452e-02
-5.657922807258925629e-02
-7.150789758322230460e-02
-8.794807237078047790e-02
-1.058036222956011824e-01
-1.249261345251564959e-01
-1.451154848516079121e-01
-1.661221549083712890e-01
-1.876512401281325571e-01
-2.093680435147078356e-01
-2.309051040459067228e-01
-2.518704658734091106e-01
-2.718569553882200784e-01
-2.904521980028603734e-01
-3.072490760889083350e-01
-3.218563055281770113e-01
-3.339087930326206655e-01
-3.430774323446930119e-01
-3.490780071268744789e-01
-3.516788936391280762e-01
-3.507072978979748346e-01
-3.460538190869293929e-01
-3.376752009999541837e-01
-3.255952120601164346e-01
-3.099036764900214291e-01
-2.907537583451122454e-01
-2.683576702252079560e-01
-2.429810342625672026e-01
-2.149361602968976603e-01
-1.845745241135239301e-01
-1.522787262731709335e-01
-1.184541929167119284e-01
-8.352084804121814865e-02
-4.790494754455220522e-02
-1.203122483015537682e-02
2.368453849590353155e-02
5.884243088342340500e-02
9.306474830451058611e-02
1.260016854288369126e-01
1.573363089248316915e-01
1.867887284966256722e-01
2.141193668143492046e-01
2.391312191948795074e-01
2.616709933621655937e-01
2.816290333960582148e-01
2.989379627276893547e-01
3.135700290068306195e-01
3.255331964938009692e-01
3.348661045385437629e-01
3.416320870836740964e-01
3.459125202059535886e-01
3.477998246535592974e-01
3.473904921175949845e-01
3.447785209989797650e-01
3.400496384105450853e-01
3.332766491976645873e-01
3.245161924597996239e-01
3.138071059929561368e-01
3.011705054752409905e-01
2.866115852528031693e-01
2.701230486236478323e-01
2.516899844380529050e-01
2.312959294168125957e-01
2.089297960669906640e-01
1.845933068722541426e-01
1.583085570979015366e-01
1.301253298896717370e-01
1.001278057620453577e-01
6.844034053767689141e-02
3.523202742759428546e-02
7.198071037677169007e-04
-3.483005984150407131e-02
-7.110230346382327704e-02
-1.077347883161602210e-01
-1.443225531951956575e-01
-1.804236995677234723e-01
-2.155670434751942310e-01
-2.492613738065030393e-01
-2.810060938679451170e-01
-3.103029495588766062e-01
-3.366684752950050985e-01
-3.596467267039846205e-01
-3.788218167689791360e-01
-3.938297455024801774e-01
-4.043690099179849118e-01
-4.102095137714936168e-01
-4.111993597202009409e-01
-4.072692041996965329e-01
-3.984339765042053116e-01
-3.847919030839651588e-01
-3.665209223977735631e-01
-3.438727124455220885e-01
-3.171646783126573776e-01
-2.867703202512389971e-01
-2.531084865378881998e-01
-2.166320067858840404e-01
-1.778162052644473301e-01
-1.371477309211254492e-01
-9.511408130874825229e-02
-5.219410092958072511e-02
-8.849664361541343879e-03
3.448137119691735419e-02
7.739088354273267190e-02
1.195049125170022097e-01
1.604868607935815983e-01
2.000395567290381982e-01
2.379062803046328167e-01
2.738708440272664690e-01
3.077568139512080192e-01
3.394259413772604539e-01
3.687758657812988949e-01
3.957371462626229075e-01
4.202696841368209757e-01
4.423586136863130736e-01
4.620097608817396728e-01
4.792447963368248742e-01
4.940962378484298756e-01
5.066024839197196261e-01
5.168030772944814943e-01
5.247344042189782121e-01
5.304260282810887572e-01
5.338978306306979560e-01
5.351581056951743021e-01
5.342026917236230021e-01
5.310151816032419037e-01
5.255681813729962126e-01
5.178255381821043057e-01
5.077454014487031708e-01
4.952839486702242944e-01
4.803995701640407789e-01
4.630573145751912256e-01
4.432333933706464890e-01
4.209195621772415796e-01
3.961272374552833875e-01
3.688912336184222984e-01
3.392730485519932504e-01
3.073636557402054104e-01
2.732857888773737032e-01
2.371957151328195623e-01
1.992844902451939848e-01
1.597786921216019784e-01
1.189405896702284693e-01
7.706769378606763421e-02
3.449160263565950041e-02
-8.423964857514395360e-03
-5.128606360830487154e-02
-9.367646293786920098e-02
-1.351567220924771717e-01
-1.752744548930814106e-01
-2.135707787811237657e-01
-2.495888638800383419e-01
-2.828834191525716468e-01
-3.130308608177423957e-01
-3.396398277222285600e-01
-3.623616348427567968e-01
-3.809002111105644905e-01
-3.950210483337188161e-01
-4.045587010246594617e-01
-4.094224278643326387e-01
-4.095996442772298907e-01
