5.189933411831922916e-01
5.325541894848698776e-01
5.446233444733630247e-01
5.557171761777658370e-01
5.662571759241015190e-01
5.765936575674340814e-01
5.870244428644363355e-01
5.978096776130416012e-01
6.091836745794809715e-01
6.213644830805653552e-01
6.345617318191503209e-01
6.489831717522546173e-01
6.648402517974592030e-01
6.823529859148004251e-01
7.017543105272957549e-01
7.232940821731522751e-01
7.472428230694212470e-01
7.738952835476161640e-01
8.035738517654678059e-01
8.366317991443330548e-01
8.734563005537693270e-01
9.144711064571392489e-01
9.601386639521380939e-01
1.010961377224755875e+00
1.067481555775163127e+00
1.130279409035248372e+00
1.199968194620277595e+00
1.277185298774524025e+00
1.362577606148939635e+00
1.456778990764287407e+00
1.560377131983936350e+00
1.673866156116515125e+00
1.797580903703997146e+00
1.931608089898980030e+00
2.075669566891054085e+00
2.228973828577632599e+00
2.390034611552875443e+00
2.556461040482525870e+00
2.724733538390106347e+00
2.889994781419773506e+00
3.045905347839554800e+00
3.184636766898577331e+00
3.297093062096950966e+00
3.373451965772180650e+00
3.404080217882063497e+00
3.380788125810709310e+00
3.298250095561512829e+00
3.155270433074729208e+00
2.955497110717553166e+00
2.707264737463196180e+00
2.422501476388890129e+00
2.114967081628393419e+00
1.798325030509406508e+00
1.484559268895509376e+00
1.183041183580352262e+00
9.002763526762894708e-01
6.401600822229472909e-01
4.045035090445754933e-01
1.936275787665908132e-01
6.898599971440098552e-03
-1.568500133233080018e-01
-2.990181909572147134e-01
-4.210465445047657518e-01
-5.243073383098051377e-01
-6.100561370817340068e-01
-6.794247039020893109e-01
-7.334398282602009322e-01
-7.730563578808095082e-01
-7.991955479280822283e-01
-8.127820521799955511e-01
-8.147746908449493564e-01
-8.061877366543911405e-01
-7.881009766809822237e-01
-7.616582475065665214e-01
-7.280554433231526401e-01
-6.885200561326808577e-01
-6.442850220679280371e-01
-5.965599556033943651e-01
-5.465027542104595737e-01
-4.951941144329755073e-01
-4.436168286578571207e-01
-3.926409621019862906e-01
-3.430152648238531943e-01
-2.953645465545429727e-01
-2.501922851325712460e-01
-2.078874655229296931e-01
-1.687345388497496212e-01
-1.329254146024055339e-01
-1.005725127082146841e-01
-7.172206614209129805e-02
-4.636704697479780007e-02
-2.445926611830741976e-02
-5.920355117675726343e-03
9.348530031133476734e-03
2.145833984506549316e-02
3.052507769282013922e-02
3.666398960929492107e-02
3.998489287478846493e-02
4.058852142766312954e-02
3.856376081752232315e-02
3.398564872328736775e-02
2.691402648510568540e-02
1.739274064304913506e-02
5.449309671106966277e-03
-8.905011085647606198e-03
-2.567481448813930742e-02
-4.487980556765379381e-02
-6.655375350924686018e-02
-9.074312067317717723e-02
-1.175053371311384626e-01
-1.469066681495019566e-01
-1.790196004954177078e-01
-2.139196515243008134e-01
-2.516814831638622962e-01
-2.923741820200628783e-01
-3.360555484251697145e-01
-3.827652237691006043e-01
-4.325164805659426626e-01
-4.852865086414902551e-01
-5.410050607330101347e-01
-5.995413809899923230e-01
-6.606894418738217256e-01
-7.241516720550430497e-01
-7.895215839004555702e-01
-8.562660158719569425e-01
-9.237080982988856714e-01
-9.910125236933740034e-01
-1.057175227173651422e+00
-1.121020099808926140e+00
-1.181205768905088327e+00
-1.236245641369697168e+00
-1.284544139470347179e+00
-1.324451172257492093e+00
-1.354335231470484402e+00
-1.372673045650334434e+00
-1.378150641348339978e+00
-1.369767384381335162e+00
-1.346931810081763548e+00
-1.309536651836807897e+00
-1.258001205844297310e+00
-1.193272393612102578e+00
-1.116781312364972578e+00
-1.030358688139935364e+00
-9.361189641663527627e-01
-8.363272412950654155e-01
-7.332649134534000579e-01
-6.291084295367647128e-01
-5.258318298035322691e-01
-4.251387440919358052e-01
-3.284246639942403068e-01
-2.367664559420999404e-01
-1.509337125183145001e-01
-7.141562552295649402e-02
1.542714551835693395e-03
6.789976418429750915e-02
1.277766622515347228e-01
1.814187628752295944e-01
2.291611985366046877e-01
2.713992657956752486e-01
3.085638246540391982e-01
3.411015091635752894e-01
3.694593162580461776e-01
3.940730269329135171e-01
4.153588804429118597e-01
4.337079384817482675e-01
4.494826210264550870e-01
4.630149541934655000e-01
4.746061337483935549e-01
4.845270701724074813e-01
4.930196392122438431e-01
5.002984140199597807e-01
5.065527007101841006e-01
5.119487384144220110e-01
5.166319580264503442e-01
5.207292213272353143e-01
5.243509846545333364e-01
5.275933493678136577e-01
5.305399756665860611e-01
5.332638474273708740e-01
5.358288841610771014e-01
5.382914024336572512e-01
5.407014335571511676e-01
5.431039074083209295e-01
5.455397141774509517e-01
5.480466569507153052e-01
5.506603085013235255e-01
5.534147856833839807e-01
5.563434545294864142e-01
5.594795786601964860e-01
5.628569230077283825e-01
5.665103242028513009e-01
5.704762383222002908e-01
5.747932760770197991e-01
5.795027349669118477e-01
5.846491374367628335e-01
5.902807836671748465e-01
5.964503272968955105e-01
6.032153821119282666e-01
6.106391675255989915e-01
6.187912004948321609e-01
6.277480413394037617e-01
6.375941007108111291e-01
6.484225146387019301e-01
6.603360940888348685e-01
6.734483546940653875e-01
6.878846311298910665e-01
7.037832788116022975e-01
7.212969629395097337e-01
7.405940310743684973e-01
7.618599599346569384e-01
7.852988593669958384e-01
8.111350056480053361e-01
8.396143613689388552e-01
8.710060187394719211e-01
9.056034754089496985e-01
9.437256145048302791e-01
9.857172105630676029e-01
1.031948716684118805e+00
1.082815001127065857e+00
1.138732588468767126e+00
1.200134815765248497e+00
1.267464132413434807e+00
1.341160549686433168e+00
1.421644982180582328e+00
1.509295926660438658e+00
1.604417616654230105e+00
1.707197521023808839e+00
1.817650908198515491e+00
1.935550319523785090e+00
2.060338409466959675e+00
2.191024038493416093e+00
2.326064163372274951e+00
2.463238424938784199e+00
2.599529761077377099e+00
2.731032876978804591e+00
2.852922149665641172e+00
2.959519240160608966e+00
3.044504064896023099e+00
3.101304691505084588e+00
3.123675724330490677e+00
3.106427839632214916e+00
3.046209258402242881e+00
2.942182215296871739e+00
2.796413776590095601e+00
2.613838001803704625e+00
2.401749479181930713e+00
2.168924032138418667e+00
1.924572041815044043e+00
1.677362521665372475e+00
1.434702236029661959e+00
1.202349399881754266e+00
9.843390027871428138e-01
7.831337903275179535e-01
5.998987680136200762e-01
4.348135367484431968e-01
2.873661008910509684e-01
1.565996673742497958e-01
4.130402292866713204e-02
-5.984527003557227331e-02
-1.481913845420061160e-01
-2.250347143012084161e-01
-2.915963769083018686e-01
-3.489993472536760954e-01
-3.982615173730413849e-01
-4.402964721621502320e-01
-4.759189744248469300e-01
-5.058530703749550828e-01
-5.307414009269189048e-01
-5.511547871383003505e-01
-5.676014980031298673e-01
-5.805358446158956909e-01
-5.903659065054546184e-01
-5.974603056970202442e-01
-6.021540175366077996e-01
-6.047532555349373062e-01
-6.055394980792733195e-01
-6.047727430458766928e-01
-6.026940856971680915e-01
-5.995277182320580822e-01
-5.954824477119526893e-01
-5.907528240759074567e-01
-5.855199625546007036e-01
-5.799521357704441327e-01
-5.742052008166079746e-01
-5.684229161898887162e-01
-5.627371930766644770e-01
-5.572683155438169500e-01
-5.521251549744009557e-01
-5.474053958389121233e-01
-5.431957827583510090e-01
-5.395723928745992382e-01
-5.366009328135139533e-01
-5.343370559707201206e-01
-5.328266933929326488e-01
-5.321063900640200517e-01
-5.322036378134011869e-01
-5.331371962165794010e-01
-5.349173936271559571e-01
-5.375464017478011058e-01
-5.410184788074915430e-01
-5.453201783706470573e-01
-5.504305229812699318e-01
-5.563211441748143748e-01
-5.629563928149715624e-01
-5.702934261804989413e-01
-5.782822806890316469e-01
-5.868659415479413610e-01
-5.959804229067380277e-01
-6.055548741795022671e-01
-6.155117300225594335e-01
-6.257669228879372270e-01
-6.362301780053102318e-01
-6.468054109366285775e-01
-6.573912473500681530e-01
-6.678816832221728950e-01
-6.781669011569974037e-01
-6.881342547909810037e-01
-6.976694282574340544e-01
-7.066577714036847979e-01
-7.149858039604195525e-01
-7.225428733334330333e-01
-7.292229414171216284e-01
-7.349264662337667842e-01
-7.395623348166358024e-01
-7.430497952074894830e-01
-7.453203284183739230e-01
-7.463193964081504816e-01
-7.460080001823455875e-01
-7.443639835468245369e-01
-7.413830231373724766e-01
-7.370792541544662901e-01
-7.314854935026895433e-01
-7.246530372066779524e-01
-7.166510262064264003e-01
-7.075653928576187690e-01
-6.974974184782282149e-01
-6.865619488703138540e-01
-6.748853287810906432e-01
-6.626031268304921618e-01
-6.498577288952500641e-01
-6.367958800168793676e-01
-6.235662526633301006e-01
-6.103171130203803862e-01
-5.971941475861299864e-01
-5.843385005418262335e-01
-5.718850591169263309e-01
-5.599610103965477759e-01
-5.486846795950376388e-01
-5.381646474594299345e-01
-5.284991337130013900e-01
-5.197756246535765179e-01
-5.120707163517543847e-01
-5.054501403577350560e-01
-4.999689362996513897e-01
-4.956717350264085442e-01
-4.925931167428340141e-01
-4.907580106098204942e-01
-4.901821052461090567e-01
-4.908722432045736217e-01
-4.928267765753543972e-01
-4.960358652074785546e-01
-5.004817035040458606e-01
-5.061386662439989470e-01
-5.129733683672433875e-01
-5.209446381143464366e-01
-5.300034073467088103e-01
-5.400925273118254433e-01
-5.511465225881402308e-01
-5.630913004636035613e-01
-5.758438375690260180e-01
-5.893118701658522918e-01
-6.033936189962142427e-01
-6.179775839015758665e-01
-6.329424472980356153e-01
-6.481571287806816573e-01
-6.634810352607736217e-01
-6.787645516943574542e-01
-6.938498161644761630e-01
-7.085718193353576222e-01
-7.227598616323586134e-01
-7.362393915242042564e-01
-7.488342347557364054e-01
-7.603692072951541148e-01
-7.706730844285153426e-01
-7.795818755470504957e-01
-7.869423298443619652e-01
-7.926155739082862972e-01
-7.964807599579600828e-01
-7.984385853817143053e-01
-7.984145324642314412e-01
-7.963616737399911161e-01
-7.922628947851702019e-01
-7.861324032272862805e-01
-7.780164201181800632e-01
-7.679929863184274952e-01
-7.561708598711016638e-01
-7.426875273213264794e-01
-7.277063988329679489e-01
-7.114132998960319698e-01
-6.940124078578144839e-01
-6.757218066387644662e-01
-6.567688460627987279e-01
-6.373854927233106871e-01
-6.178038479265650640e-01
-5.982519867671702851e-01
-5.789502433261681791e-01
-5.601080332804123652e-01
-5.419212698569573217e-01
-5.245703947712579973e-01
-5.082190147619167764e-01
-4.930131081501309409e-01
-4.790807454119105913e-01
-4.665322533374023917e-01
-4.554607437304032391e-01
-4.459429241584581538e-01
-4.380401091477368891e-01
-4.317993544671487882e-01
-4.272546438018508530e-01
-4.244280652943229204e-01
-4.233309243773016872e-01
-4.239647484379526765e-01
-4.263221476995768255e-01
-4.303875050035950722e-01
-4.361374747772294724e-01
-4.435412783564595118e-01
-4.525607890712836645e-01
-4.631504062378110631e-01
-4.752567226405000622e-01
-4.888179954646405534e-01
-5.037634362075775751e-01
-5.200123411090510350e-01
-5.374730903259299364e-01
-5.560420516183812722e-01
-5.756024328233928511e-01
-5.960231368715875888e-01
-6.171576834143703838e-01
-6.388432719452963315e-01
-6.609000720696837083e-01
-6.831308364837602731e-01
-7.053209401659282785e-01
-7.272389538693033728e-01
-7.486378596015049736e-01
-7.692570085952975534e-01
-7.888249065254983039e-01
-8.070628848594607607e-01
-8.236896802175646126e-01
-8.384268953227327348e-01
-8.510052566255864592e-01
-8.611715176327060517e-01
-8.686957876693202074e-01
-8.733789992451268525e-01
-8.750601706121102774e-01
-8.736230813330436717e-01
-8.690019651112543819e-01
-8.611858415120394739e-01
-8.502211594158661789e-01
-8.362125091310205205e-01
-8.193212718063178635e-01
-7.997622048015335938e-01
-7.777980975937284214e-01
-7.537327607788584238e-01
-7.279027174905497999e-01
-7.006680413708017419e-01
-6.724028214698938299e-01
-6.434857304411092382e-01
-6.142911313375979399e-01
-5.851810874590328559e-01
-5.564985488930100921e-01
-5.285618894602907014e-01
-5.016608689036429203e-01
-4.760540057456643659e-01
-4.519672721563278706e-01
-4.295939665847449684e-01
-4.090955835132862872e-01
-3.906034812073778673e-01
-3.742211451451478710e-01
-3.600268535917755530e-01
-3.480765690320200001e-01
-3.384069016086821979e-01
-3.310380155212704345e-01
-3.259763742931974240e-01
-3.232172443018220820e-01
-3.227468969306157009e-01
-3.245444675730894124e-01
-3.285834443025367202e-01
-3.348327704163297502e-01
-3.432575535694616931e-01
-3.538193802687479850e-01
-3.664762386357066637e-01
-3.811820551485030628e-01
-3.978858531645088625e-01
-4.165305430554976929e-01
-4.370513564314738031e-01
-4.593739408824460413e-01
-4.834121376425001282e-01
-5.090654732927958337e-01
-5.362164087603900064e-01
-5.647274050552590907e-01
-5.944378858852459313e-01
-6.251612027029462837e-01
-6.566817376637523740e-01
-6.887523136064258589e-01
-7.210921158897193317e-01
-7.533853660795929441e-01
-7.852810182086289448e-01
-8.163937694339836737e-01
-8.463066819809748065e-01
-8.745756949748756393e-01
-9.007362556729066050e-01
-9.243122132408679859e-01
-9.448269906624366943e-01
-9.618168821291360748e-01
-9.748461211129704207e-01
-9.835231427107750113e-01
-9.875172452072232820e-01
-9.865746692712701327e-01
-9.805329913107363460e-01
-9.693327009336497602e-01
-9.530249235102000727e-01
-9.317744650284318642e-01
-9.058576859970643991e-01
-8.756551219556589771e-01
-8.416392113316202295e-01
-8.043579092037541622e-01
-7.644153020566347712e-01
-7.224505504908145248e-01
-6.791165514486480204e-01
-6.350596302460470577e-01
-5.909013690063755764e-01
-5.472233909201745794e-01
-5.045555946740803988e-01
-4.633680137935697330e-01
-4.240661960089985305e-01
-3.869897800636027396e-01
-3.524138006761708408e-01
-3.205521747202044747e-01
-2.915628034734584761e-01
-2.655537532930157818e-01
-2.425900355044998402e-01
-2.227005820492316546e-01
-2.058850953386138494e-01
-1.921205305624769377e-01
-1.813670409505478420e-01
-1.735732781578349093e-01
-1.686809898468038249e-01
-1.666288947746728533e-01
-1.673558431762686427e-01
-1.708032883089856124e-01
-1.769171052087069040e-01
-1.856487964959568082e-01
-1.969561238611769460e-01
-2.108031988824064507e-01
-2.271600591622678911e-01
-2.460017463488092526e-01
-2.673068922611726572e-01
-2.910558088631163276e-01
-3.172280680155186161e-01
-3.457995486751761494e-01
-3.767389235276991100e-01
-4.100035552108151626e-01
-4.455347758598116048e-01
-4.832525345944118089e-01
-5.230494180348265187e-01
-5.647840815731394182e-01
-6.082741767039259173e-01
-6.532889249000668475e-01
-6.995415733821426230e-01
-7.466820734196693010e-01
-7.942904459047518406e-01
-8.418714365581009273e-01
-8.888512037823661505e-01
-9.345769087476175629e-01
-9.783201650535154892e-01
-1.019285322115440762e+00
-1.056623464869715256e+00
-1.089452774856871420e+00
-1.116885484776238835e+00
-1.138061060487753684e+00
-1.152184484172545265e+00
-1.158567656713492600e+00
-1.156671100872467273e+00
-1.146142483476376261e+00
-1.126848153561128552e+00
-1.098894059063335593e+00
-1.062633131735148506e+00
-1.018657484148807191e+00
-9.677753861471577457e-01
-9.109747207045609807e-01
-8.493761547415847879e-01
-7.841803234781516974e-01
-7.166137439967928957e-01
-6.478779147283764139e-01
-5.791052333403428065e-01
-5.113241853882134480e-01
-4.454349644250478191e-01
-3.821954987282409899e-01
-3.222169300579400542e-01
-2.659669835414133487e-01
-2.137793800875658623e-01
-1.658674196796476041e-01
-1.223400284858589121e-01
-8.321883660196434385e-02
-4.845517033601524221e-02
-1.794615539731002699e-02
8.450594375120287771e-03
3.090399834247773564e-02
4.959835821007089335e-02
6.472402345368580279e-02
7.646977390388452755e-02
8.501676640520496042e-02
9.053386429443339989e-02
9.317415914872283211e-02
9.307249815830519191e-02
9.034384313538261491e-02
8.508230524989572607e-02
7.736072069076418978e-02
6.723065494921713625e-02
5.472274626077858889e-02
3.984732132864677451e-02
2.259523852925380064e-02
2.938935369658251650e-03
-1.916632179195419325e-02
-4.378096653063223015e-02
-7.097939883439612074e-02
-1.008479261418265133e-01
-1.334822923756514568e-01
-1.689846836758618631e-01
-2.074600735227165038e-01
-2.490117430839259849e-01
-2.937357859787148584e-01
-3.417143821971045936e-01
-3.930076069163371821e-01
-4.476435314620297312e-01
-5.056063830382921953e-01
-5.668225673625141292e-01
-6.311444376104324849e-01
-6.983318312180439857e-01
-7.680316131150176640e-01
-8.397557809323417111e-01
-9.128591228195228613e-01
-9.865179802333933212e-01
-1.059712344828703801e+00
-1.131214264591958063e+00
-1.199586253302002303e+00
-1.263193928079221262e+00
-1.320237211597570903e+00
-1.368803845584053436e+00
-1.406947387524432713e+00
-1.432789116050220857e+00
-1.444639394870274707e+00
-1.441129449417493991e+00
-1.421340043830596089e+00
-1.384910422946330266e+00
-1.332110400185012367e+00
-1.263861536292472998e+00
-1.181699990626018604e+00
-1.087682704125039868e+00
-9.842479802299235470e-01
-8.740488341336520861e-01
-7.597808151600923265e-01
-6.440247631959946650e-01
-5.291199374006366751e-01
-4.170759231004488310e-01
-3.095246647626951342e-01
-2.077084077922746463e-01
-1.124959775553869556e-01
-2.441864134822964785e-02
5.628273177703078251e-02
1.296060580605794266e-01
1.957370135191173477e-01
2.550018920464058869e-01
3.078261878058735634e-01
3.546996534147320856e-01
3.961478456925237590e-01
4.327097184514930306e-01
4.649205830419512187e-01
4.932996645512480183e-01
5.183414808051413081e-01
5.405103234464808670e-01
5.602371988494129207e-01
5.779186746438853550e-01
5.939171651931466345e-01
6.085622710401864532e-01
6.221528605221871011e-01
6.349596455522303895e-01
6.472280580543902095e-01
6.591812792879288008e-01
6.710233121204159934e-01
6.829420171005698981e-01
6.951120578258094262e-01
7.076977204296781565e-01
7.208555867841864861e-01
7.347370518824937191e-01
7.494906833983536742e-01
7.652644260652807784e-01
7.822076556264329072e-01
8.004730869093380496e-01
8.202185381942913578e-01
8.416085494646865506e-01
8.648158452130975116e-01
8.900226229474423878e-01
9.174216359604913107e-01
9.472170226878106059e-01
9.796248142976674567e-01
1.014873026059343264e+00
1.053201205375996263e+00
1.094859268860710610e+00
1.140105411150105885e+00
1.189202808089175667e+00
1.242414765724229264e+00
1.299997884404027859e+00
1.362192716181500840e+00
1.429211298613001668e+00
1.501220858770667910e+00
1.578322914933665277e+00
1.660526987682009015e+00
1.747718209054941019e+00
1.839618348376161006e+00
1.935740237363544169e+00
2.035336375572500689e+00
2.137343739778291951e+00
2.240328601845544831e+00
2.342437510159874670e+00
2.441363401009067680e+00
2.534338724727758674e+00
2.618169786099926011e+00
2.689327075743384476e+00
2.744103730276066688e+00
2.778846926290024388e+00
2.790254211236766757e+00
2.775709408610973483e+00
2.733614256113110041e+00
2.663658370007050635e+00
2.566968531461046865e+00
2.446093547810251234e+00
2.304812187450307803e+00
2.147790737545023365e+00
1.980150526758264862e+00
1.807022302868408037e+00
1.633158788564569530e+00
1.462653425756153647e+00
1.298782771079635801e+00
1.143963058122001275e+00
9.997946335366141302e-01
8.671623394870078272e-01
7.463626516284773693e-01
6.372354305811123165e-01
5.392860901282691133e-01
4.517907940396831967e-01
3.738821990474163193e-01
3.046163060409312062e-01
2.430225699255371685e-01
1.881400249173978689e-01
1.390422072442929757e-01
9.485338750797715768e-02
5.475824100162565711e-02
1.800668767001906145e-02
-1.608472632196742552e-02
-4.813383769462532130e-02
-7.869544482849975819e-02
-1.082648299854867130e-01
-1.372817498698919725e-01
-1.661345353010367787e-01
-1.951640288977328774e-01
-2.246671563061843069e-01
-2.548999767121084559e-01
-2.860800962790125412e-01
-3.183883571507844512e-01
-3.519697376762133678e-01
-3.869334192094377456e-01
-4.233519937523028687e-01
-4.612598073712638191e-01
-5.006504593476829301e-01
-5.414735090799087658e-01
-5.836304845106896622e-01
-6.269703397621417817e-01
-6.712845776349519733e-01
-7.163023355105034851e-01
-7.616858300229217837e-01
-8.070266629456125385e-01
-8.518436005643083009e-01
-8.955825390444777101e-01
-9.376194410377217681e-01
-9.772670505657345963e-01
-1.013786136437225593e+00
-1.046401850523904997e+00
-1.074325492230360224e+00
-1.096781533036615741e+00
-1.113039185398823738e+00
-1.122447139133688987e+00
-1.124469411118383055e+00
-1.118719667993949285e+00
-1.104991012078700097e+00
-1.083278186943473997e+00
-1.053789541699676091e+00
-1.016946903201924046e+00
-9.733726659740696840e-01
-9.238647585247394822e-01
-8.693614635481596853e-01
-8.108991332110006001e-01
-7.495664724341196683e-01
-6.864591769261196852e-01
-6.226383302565686728e-01
-5.590952002843545543e-01
-4.967241003589349391e-01
-4.363039748998045475e-01
-3.784884817219529296e-01
-3.238036701977818344e-01
-2.726519314458862309e-01
-2.253207114734813166e-01
-1.819944860549287668e-01
-1.427686389455723459e-01
-1.076641053849774349e-01
-7.664189289526207594e-02
-4.961683651839671194e-02
-2.647016436253659538e-02
-7.060631016309052571e-03
8.765881710381130329e-03
2.116829291042086197e-02
3.030370405634342026e-02
3.632211335021940518e-02
3.936231836178364502e-02
3.954885386407575726e-02
3.698981446158274011e-02
3.177542197649580596e-02
2.397721294344751231e-02
1.364774001321653572e-02
8.207012278745907941e-04
-1.448856787539540281e-02
-3.228228305883940746e-02
-5.257910340401157623e-02
-7.541272744103670600e-02
-1.008301727037414913e-01
-1.288896962003173163e-01
-1.596582910908911634e-01
-1.932086722922590483e-01
-2.296156410061399034e-01
-2.689516958749880171e-01
-3.112817377428845900e-01
-3.566566977598817911e-01
-4.051059078192968954e-01
-4.566280324881832331e-01
-5.111803989083041344e-01
-5.686666039709701304e-01
-6.289223570962840792e-01
-6.916996450579199207e-01
-7.566494967975964103e-01
-8.233038950133020339e-01
-8.910577377427481016e-01
-9.591521984218716046e-01
-1.026661351467376582e+00
-1.092484480294004356e+00
-1.155346986852124447e+00
-1.213813152395822659e+00
-1.266313989642534610e+00
-1.311192879143847190e+00
-1.346770410200652357e+00
-1.371427738648012040e+00
-1.383704884659021195e+00
-1.382407027867179616e+00
-1.366708610139323321e+00
-1.336242760223965043e+00
-1.291163092939237256e+00
-1.232166946126099116e+00
-1.160473673706404973e+00
-1.077758030251342536e+00
-9.860456026062004442e-01
-8.875830132093378566e-01
-7.846988444435480936e-01
-6.796712673392191206e-01
-5.746154898056980986e-01
-4.713994072749738140e-01
-3.715905885531386454e-01
-2.764331465480830974e-01
-1.868498474126839837e-01
-1.034631934698637401e-01
-2.662895963362482687e-02
4.352365191132517852e-02
1.070498961177421965e-01
1.641487571612177954e-01
2.151257526527280695e-01
2.603604325822400645e-01
3.002790074562874945e-01
3.353320456449169207e-01
3.659768757828390506e-01
3.926641677193755120e-01
4.158281013511864188e-01
4.358795318059981994e-01
4.532015961366784307e-01
4.681472631109823701e-01
4.810383921668714979e-01
4.921659329087338386e-01
5.017909584449218308e-01
5.101462821989786178e-01
5.174384576061586971e-01
5.238500031348075625e-01
5.295417315930613933e-01
5.346550931817596330e-01
5.393144668392644281e-01
5.436293547403544535e-01
5.476964510033397460e-01
5.516015683400145031e-01
5.554214161183991250e-01
5.592252306098530745e-01
5.630762635131504323e-01
5.670331385831067772e-01
5.711510886786153041e-01
5.754830870699964018e-01
5.800808876456299279e-01
5.849959889267546398e-01
5.902805366925220065e-01
5.959881796567009227e-01
6.021748921154014278e-01
6.088997768690095347e-01
6.162258610560171768e-01
6.242208968464834085e-01
6.329581782347344365e-01
6.425173844326452777e-01
6.529854595654090987e-01
6.644575374587877725e-01
6.770379192028928017e-01
6.908411097738922368e-01
7.059929181432852419e-01
7.226316228047641177e-01
7.409092012343027056e-01
7.609926171151940588e-01
7.830651527366013775e-01
8.073277651925742093e-01
8.340004330560210066e-01
8.633234440195010073e-01
8.955585522113965746e-01
9.309899047567830044e-01
9.699245984391681175e-01
1.012692676279645765e+00
1.059646307152549705e+00
1.111157805313550018e+00
1.167616036639158805e+00
1.229420620179040746e+00
1.296973163843109234e+00
1.370664570565700791e+00
1.450857219935853148e+00
1.537860583049037499e+00
1.631898593874902215e+00
1.733066932486085010e+00
1.841278365575787834e+00
1.956194582407841942e+00
2.077143772272800781e+00
2.203024800237142866e+00
2.332201598191039338e+00
2.462395639752619214e+00
2.590590299396927865e+00
2.712968275268358376e+00
2.824911027040271083e+00
2.921095015107159298e+00
2.995719558521247716e+00
3.042890359205234319e+00
3.057156727421747267e+00
3.034158677150749828e+00
2.971289603174917637e+00
2.868238467490147325e+00
2.727265846124503401e+00
2.553109035324561127e+00
2.352500552544647405e+00
2.133392285055250248e+00
1.904058633801734235e+00
1.672270752256249882e+00
1.444687112300863108e+00
1.226522053965710901e+00
1.021473613889657628e+00
8.318421089907017674e-01
6.587571150425445277e-01
5.024422308333749143e-01
3.624696068392863624e-01
2.379785108593054921e-01
1.278488853616883969e-01
3.083103021530304161e-02
-5.436249111928953548e-02
-1.289950561414335561e-01
-1.942669209874170189e-01
-2.512926140534865183e-01
-3.010898180094372933e-01
-3.445759941942940774e-01
-3.825700219295607440e-01
-4.157969212830631145e-01
-4.448943243099854894e-01
-4.704197938453385519e-01
-4.928583978853274261e-01
-5.126301636337563528e-01
-5.300971839648608297e-01
-5.455702497469893109e-01
-5.593149484395013582e-01
-5.715572128936378116e-01
-5.824883316576900949e-01
-5.922694484415700344e-01
-6.010355873186113973e-01
-6.088992442184670839e-01
-6.159535860099448756e-01
-6.222752971657780074e-01
-6.279271114499169748e-01
-6.329600628222988856e-01
-6.374154861898057023e-01
-6.413267949975616222e-01
-6.447210591210469355e-01
-6.476204031989665211e-01
-6.500432425123398028e-01
-6.520053708123184633e-01
-6.535209121534374388e-01
-6.546031468111841445e-01
-6.552652197520058008e-01
-6.555207388693919945e-01
-6.553842692821590932e-01
-6.548717293835025766e-01
-6.540006939980057554e-01
-6.527906099090535763e-01
-6.512629291168136048e-01
-6.494411654298738457e-01
-6.473508803330335626e-01
-6.450196044613063506e-01
-6.424767013999101994e-01
-6.397531808800107633e-01
-6.368814687141882702e-01
-6.338951409851488750e-01
-6.308286300453380679e-01
-6.277169097917481011e-01
-6.245951674459518932e-01
-6.214984686990513429e-01
-6.184614225870007642e-01
-6.155178518620150196e-01
-6.127004739435227831e-01
-6.100405967935361717e-01
-6.075678332939812298e-01
-6.053098369350445873e-01
-6.032920608800388385e-01
-6.015375417771933186e-01
-6.000667090621858435e-01
-5.988972199530722129e-01
-5.980438198930787541e-01
-5.975182278534854063e-01
-5.973290456711577434e-01
-5.974816904616639945e-01
-5.979783491141205110e-01
-5.988179539294306020e-01
-5.999961785982040885e-01
-6.015054539148150248e-01
-6.033350028744505211e-01
-6.054708950839018389e-01
-6.078961207165310965e-01
-6.105906845389249549e-01
-6.135317208125635746e-01
-6.166936301096992423e-01
-6.200482392603223758e-01
-6.235649857491000203e-01
-6.272111278913632404e-01
-6.309519820212874386e-01
-6.347511877115624701e-01
-6.385710017036170250e-01
-6.423726207563927870e-01
-6.461165330202842672e-01
-6.497628968173799757e-01
-6.532719448722210664e-01
-6.566044111085209689e-01
-6.597219761334716104e-01
-6.625877265061994592e-01
-6.651666218709419987e-01
-6.674259630741842253e-01
-6.693358535276127119e-01
-6.708696453760185641e-01
-6.720043615306370288e-01
-6.727210843790252248e-01
-6.730053020200152947e-01
-6.728472032235170985e-01
-6.722419129934088522e-01
-6.711896616151891148e-01
-6.696958813792337484e-01
-6.677712267488018494e-01
-6.654315155365629897e-01
-6.626975905973513381e-01
-6.595951035604324941e-01
-6.561542241276127063e-01
-6.524092803684462538e-01
-6.483983371686947716e-01
-6.441627214599560114e-01
-6.397465040171306239e-01
-6.351959484129573452e-01
-6.305589381411192962e-01
-6.258843929571871190e-01
-6.212216851551615182e-01
-6.166200658295118986e-01
-6.121281102160457399e-01
-6.077931900185084002e-01
-6.036609792774050298e-01
-5.997749988918900099e-01
-5.961762034324323833e-01
-5.929026124445224699e-01
-5.899889870978699546e-01
-5.874665518280430820e-01
-5.853627595845319886e-01
-5.837010984661763491e-01
-5.825009369065554665e-01
-5.817774041732262091e-01
-5.815413027618474562e-01
-5.817990492881138787e-01
-5.825526406899643739e-01
-5.837996429280610799e-01
-5.855331998890414003e-01
-5.877420608260989221e-01
-5.904106253860968989e-01
-5.935190060415780344e-01
-5.970431085389471537e-01
-6.009547317593937343e-01
-6.052216891348884964e-01
-6.098079544354659820e-01
-6.146738353131723231e-01
-6.197761784195624513e-01
-6.250686101748066381e-01
-6.305018173256903280e-01
-6.360238712576883335e-01
-6.415805995971887166e-01
-6.471160079338064142e-01
-6.525727534974399280e-01
-6.578926713385098157e-01
-6.630173519938225013e-01
-6.678887678011139473e-01
-6.724499429961714458e-01
-6.766456605494647336e-01
-6.804231964548613787e-01
-6.837330699687909075e-01
-6.865297962258589681e-01
-6.887726258475546093e-01
-6.904262547384926174e-01
-6.914614863488711682e-01
-6.918558283778881712e-01
-6.915940062830232549e-01
-6.906683770946153711e-01
-6.890792289249332292e-01
-6.868349541723463014e-01
-6.839520876743032662e-01
-6.804552048330241298e-01
-6.763766788616828451e-01
-6.717563005834225054e-01
-6.666407684508359743e-01
-6.610830604269131161e-01
-6.551417028798116604e-01
-6.488799545198659091e-01
-6.423649255137628966e-01
-6.356666531614598714e-01
-6.288571558824831431e-01
-6.220094867490633117e-01
-6.151968064925278368e-01
-6.084914939064467454e-01
-6.019643090165077703e-01
-5.956836214438556709e-01
-5.897147132240542211e-01
-5.841191621224812724e-01
-5.789543083599296702e-01
-5.742728047596452612e-01
-5.701222477533623989e-01
-5.665448845154154034e-01
-5.635773897788198816e-01
-5.612507046473038663e-01
-5.595899289515673392e-01
-5.586142583867523825e-01
-5.583369577771147840e-01
-5.587653622992151403e-01
-5.599008993067492446e-01
-5.617391244860043820e-01
-5.642697673784168311e-01
-5.674767827849532820e-01
-5.713384061676038961e-01
-5.758272128401047407e-01
-5.809101824488965837e-01
-5.865487719427233682e-01
-5.926990018709339392e-01
-5.993115623899387678e-01
-6.063319467441420363e-01
-6.137006211669480127e-01
-6.213532410586559696e-01
-6.292209238756077960e-01
-6.372305893393770404e-01
-6.453053772753241102e-01
-6.533651525483312739e-01
-6.613271051197561201e-01
-6.691064511581248375e-01
-6.766172383738194851e-01
-6.837732553229406429e-01
-6.904890403849607283e-01
-6.966809815566049613e-01
-7.022684932663880719e-01
-7.071752512997359075e-01
-7.113304618837792415e-01
-7.146701363063426848e-01
-7.171383384559281149e-01
-7.186883696967198976e-01
-7.192838538449235486e-01
-7.188996849534036171e-01
-7.175228023277180345e-01
-7.151527607725309821e-01
-7.118020694639988211e-01
-7.074962798879965709e-01
-7.022738116703546307e-01
-6.961855144302654397e-01
-6.892939734987428846e-01
-6.816725768967880628e-01
-6.734043697942518891e-01
-6.645807302450846832e-01
-6.552999058802915222e-01
-6.456654551228105943e-01
-6.357846382022055431e-01
-6.257668027805164401e-01
-6.157218064916804012e-01
-6.057585144116617304e-01
-5.959834037784816907e-01
-5.864993015948559707e-01
-5.774042735174036434e-01
-5.687906750977298476e-01
-5.607443693806656304e-01
-5.533441084063871473e-01
-5.466610705502499279e-01
-5.407585410283323180e-01
-5.356917193797743337e-01
-5.315076353204710724e-01
-5.282451530005338736e-01
-5.259350433013709747e-01
-5.246001042606800446e-01
-5.242553108844190124e-01
-5.249079773608651411e-01
-5.265579169068574927e-01
-5.291975870369627355e-01
-5.328122108560564563e-01
-5.373798679560566338e-01
-5.428715515867039709e-01
-5.492511919212110794e-01
-5.564756484135617853e-01
-5.644946774139044665e-01
-5.732508843402291943e-01
-5.826796727603451576e-01
-5.927092056675731246e-01
-6.032603969678551614e-01
-6.142469536432548782e-01
-6.255754910985902306e-01
-6.371457456875677661e-01
-6.488509091790142236e-01
-6.605781097677965175e-01
-6.722090629520414140e-01
-6.836209129842291121e-01
-6.946872814773514815e-01
-7.052795339749545755e-01
-7.152682678184700826e-01
-7.245250155168735384e-01
-7.329241472286435188e-01
-7.403449442499770994e-01
-7.466738030839811247e-01
-7.518065174292285491e-01
-7.556505741032474299e-01
-7.581273894346423070e-01
-7.591744059702401071e-01
-7.587469663397686803e-01
-7.568198825218629411e-01
-7.533886250133551288e-01
-7.484700676121838203e-01
-7.421027393589102461e-01
-7.343465548853914671e-01
-7.252820168357370090e-01
-7.150089076868758609e-01
-7.036445115570105768e-01
-6.913214277849778489e-01
-6.781850556790327555e-01
-6.643908426635076747e-01
-6.501013953146588253e-01
-6.354835541818165678e-01
-6.207055290421493732e-01
-6.059341819874463075e-01
-5.913325324872069633e-01
-5.770575425320148000e-01
-5.632582224358707590e-01
-5.500740801216817966e-01
-5.376339198356212545e-01
-5.260549811149844990e-01
-5.154423960900856860e-01
-5.058889331865547012e-01
-4.974749881179728606e-01
-4.902687786236117895e-01
-4.843266974618286591e-01
-4.796937783657376220e-01
-4.764042316027808366e-01
-4.744820090442972704e-01
-4.739413628604352557e-01
-4.747873667729493041e-01
-4.770163739482530252e-01
-4.806163908876888158e-01
-4.855673519302943775e-01
-4.918412841461425322e-01
-4.994023574397215004e-01
-5.082068196197644383e-01
-5.182028210723457207e-01
-5.293301385639077594e-01
-5.415198126705825787e-01
-5.546937184400848597e-01
-5.687640941776475056e-01
-5.836330587015969851e-01
-5.991921529727590734e-01
-6.153219475258477900e-01
-6.318917623911003423e-01
-6.487595508591325055e-01
-6.657720020707915687e-01
-6.827649194595853954e-01
-6.995639318988791100e-01
-7.159855913125517946e-01
-7.318389037936817720e-01
-7.469273303087462512e-01
-7.610512773804065656e-01
-7.740110775586546144e-01
-7.856104342311219790e-01
-7.956602761291388104e-01
-8.039829350961279486e-01
-8.104165282631606848e-01
-8.148193952564072307e-01
-8.170744153910590724e-01
-8.170930120890784742e-01
-8.148186448989723774e-01
-8.102295957920081504e-01
-8.033408771401610027e-01
-7.942051238694831650e-01
-7.829123801024227003e-01
-7.695887479922179919e-01
-7.543939289620960054e-01
-7.375177499205898268e-01
-7.191758237647837282e-01
-6.996045396277240647e-01
-6.790556100149434116e-01
-6.577904169314511273e-01
-6.360743968548708827e-01
-6.141716862543544764e-01
-5.923402180517890470e-01
-5.708274187403974409e-01
-5.498666100413135416e-01
-5.296741721371974743e-01
-5.104474812977305431e-01
-4.923635959070719048e-01
-4.755786333563706836e-01
-4.602277568530904195e-01
-4.464256759560834009e-01
-4.342675569437653982e-01
-4.238302378877416010e-01
-4.151736472203115813e-01
-4.083423322720426962e-01
-4.033670144071189734e-01
-4.002660988539176179e-01
-3.990470791835468156e-01
-3.997077879276286216e-01
-4.022374555703544519e-01
-4.066175498235214958e-01
-4.128223755951366258e-01
-4.208194234323536231e-01
-4.305694606094015997e-01
-4.420263646760553278e-01
-4.551367044775923576e-01
-4.698390787382762945e-01
-4.860632276237594751e-01
-5.037289386230873189e-01
-5.227447749610601990e-01
-5.430066628683891672e-01
-5.643963836305829762e-01
-5.867800275266396026e-01
-6.100064795164754639e-01
-6.339060205868122244e-01
-6.582891434843325396e-01
-6.829456962733023717e-01
-7.076444804732696658e-01
-7.321334407490485141e-01
-7.561405881059852785e-01
-7.793757958089247984e-01
-8.015335941348318283e-01
-8.222970640261020314e-01
-8.413428886664409134e-01
-8.583475648785088286e-01
-8.729947035192424654e-01
-8.849832622911681934e-01
-8.940364606460292629e-01
-8.999110323697682157e-01
-9.024063869069282040e-01
-9.013731868124527091e-01
-8.967208172173429803e-01
-8.884232333577309904e-01
-8.765227297756418290e-01
-8.611312800258668076e-01
-8.424292424366797150e-01
-8.206614031165776479e-01
-7.961305143552926955e-01
-7.691886645775266595e-01
-7.402269652911352971e-01
-7.096641448884154491e-01
-6.779346887413286726e-01
-6.454771573323896394e-01
-6.127232541844609415e-01
-5.800881141551191833e-01
-5.479621550654717455e-01
-5.167046975857898516e-01
-4.866394244641051303e-01
-4.580516321716438521e-01
-4.311871334829082691e-01
-4.062526019449604342e-01
-3.834171085790594180e-01
-3.628145847755590570e-01
-3.445469488058683361e-01
-3.286876515851323011e-01
-3.152854252169840499e-01
-3.043680509298352099e-01
-2.959459975985032076e-01
-2.900158153877739342e-01
-2.865631992949954077e-01
-2.855656634150885997e-01
-2.869947881276363466e-01
-2.908180190964442802e-01
-2.970000092822586701e-01
-3.055035036111758417e-01
-3.162897711485250229e-01
-3.293185922985248926e-01
-3.445478094113945677e-01
-3.619324489737925088e-01
-3.814234230404425219e-01
-4.029658175105019224e-01
-4.264967760709636457e-01
-4.519429919755612590e-01
-4.792178262059484384e-01
-5.082180809188161508e-01
-5.388204723756336856e-01
-5.708778686861791796e-01
-6.042153854188934137e-01
-6.386264668641256081e-01
-6.738691223552257803e-01
-7.096625345892170200e-01
-7.456843081838810949e-01
-7.815686780376038811e-01
-8.169060428000036733e-01
-8.512442211990630669e-01
-8.840918383772208289e-01
-9.149242245587031475e-01
-9.431921377707964682e-01
-9.683334960064642338e-01
-9.897881163650981140e-01
-1.007015210861158305e+00
-1.019513092627295947e+00
-1.026840226558560332e+00
-1.028636452148372626e+00
-1.024642960348466803e+00
-1.014719471275592033e+00
-9.988570800235179181e-01
-9.771854411366532878e-01
-9.499733487805196441e-01
-9.176223069573907765e-01
-8.806533088003098975e-01
-8.396876710767985363e-01
-7.954233091953162305e-01
-7.486082121218116114e-01
-7.000130378087373595e-01
-6.504046882301305343e-01
-6.005224666659478849e-01
-5.510580246610932154e-01
-5.026398422894942097e-01
-4.558225219795561389e-01
-4.110807689178623825e-01
-3.688076156409894057e-01
-3.293162394266794246e-01
-2.928446152006299319e-01
-2.595622282953304327e-01
-2.295781186910943461e-01
-2.029496183465678838e-01
-1.796912552712757738e-01
-1.597834157453539017e-01
-1.431804679837656857e-01
-1.298181494414986925e-01
-1.196201023372714389e-01
-1.125035069466607668e-01
-1.083838106188402262e-01
-1.071785841256156363e-01
-1.088105581134888311e-01
-1.132099034218402855e-01
-1.203158220201842182e-01
-1.300775122027630348e-01
-1.424545640490147147e-01
-1.574168303032905392e-01
-1.749438047739640401e-01
-1.950235259204454175e-01
-2.176510081635880389e-01
-2.428261882273014538e-01
-2.705513591129045103e-01
-3.008280508357092931e-01
-3.336533057218955545e-01
-3.690152880788069578e-01
-4.068881650315753218e-01
-4.472261994061683676e-01
-4.899570094972621748e-01
-5.349739778273027158e-01
-5.821278356624448591e-01
-6.312175166459940145e-01
-6.819804660315443856e-01
-7.340827155266433923e-01
-7.871091896508534136e-01
-8.405548960449649165e-01
-8.938178616166739809e-01
-9.461948923230221187e-01
-9.968814288930255563e-01
-1.044976902721708178e+00
-1.089497011353953271e+00
-1.129394168359983741e+00
-1.163586975663974288e+00
-1.190998872138516074e+00
-1.210605123996980836e+00
-1.221486096315188563e+00
-1.222883417603498390e+00
-1.214254439575618072e+00
-1.195319577851575943e+00
-1.166096972338563909e+00
-1.126919624324348890e+00
-1.078431784342778421e+00
-1.021563700298383504e+00
-9.574865048014168378e-01
-8.875515176043899945e-01
-8.132200691133022463e-01
-7.359907726364579572e-01
-6.573308906685411124e-01
-5.786172151258233143e-01
-5.010900604200237973e-01
-4.258219679883212816e-01
-3.537009105925691954e-01
-2.854264094629956894e-01
-2.215161351367275211e-01
-1.623202265668118316e-01
-1.080406267963270606e-01
-5.875306096656068844e-02
-1.442974427946512768e-02
2.503859790551376044e-02
5.982235590867421293e-02
9.013487705395303862e-02
1.162167876152519486e-01
1.383228378064241815e-01
1.567111606099413912e-01
1.716347409261046453e-01
1.833348407243527989e-01
1.920361064033544729e-01
1.979430864705398474e-01
2.012379032634096510e-01
2.020788460992422875e-01
2.005996809526509883e-01
1.969095008025032179e-01
1.910929694069598561e-01
1.832108384115556654e-01
1.733006428346106631e-01
1.613775029357707724e-01
1.474349813457277447e-01
1.314459633925292859e-01
1.133635462118191134e-01
9.312193898539561365e-02
7.063739310409132555e-02
4.580919785046603382e-02
1.852079504939411689e-02
-1.135891421646566084e-02
-4.397397552482950472e-02
-7.947937886708121569e-02
-1.180384980005994844e-01
-1.598197873371707267e-01
-2.049925140157926040e-01
-2.537212606320561892e-01
-3.061588896558800621e-01
-3.624376171086990395e-01
-4.226578062383921086e-01
-4.868740707964996361e-01
-5.550782858204313941e-01
-6.271791613018223854e-01
-7.029781677490979375e-01
-7.821418471376416770e-01
-8.641709394468796157e-01
-9.483673477729739343e-01
-1.033800791029404031e+00
-1.119278066354034040e+00
-1.203319128246048475e+00
-1.284145568907816726e+00
-1.359688312306826852e+00
-1.427622019332197789e+00
-1.485433302889608509e+00
-1.530527757758388230e+00
-1.560376513685346245e+00
-1.572696406258069279e+00
-1.565649543072522576e+00
-1.538039606590948516e+00
-1.489476150332225135e+00
-1.420477169605117274e+00
-1.332486313923515686e+00
-1.227794200383847567e+00
-1.109370700712575486e+00
-9.806320557870549237e-01
-8.451781496413390826e-01
-7.065380042844375819e-01
-5.679554570727674001e-01
-4.322349269904331992e-01
-3.016534508566436901e-01
-1.779335952487706152e-01
-6.226455665545272550e-02
4.464398773936513465e-02
1.424899462319539623e-01
2.313006671502775280e-01
3.113569732410886859e-01
3.831245059534085784e-01
4.471949115824393473e-01
5.042375732345153461e-01
5.549614500191680788e-01
6.000859676329723946e-01
6.403196476503481005e-01
6.763451296075609909e-01
7.088093305836404845e-01
7.383176353253803059e-01
7.654311758348582018e-01
7.906664204853068867e-01
8.144964383324785340e-01
8.373533302603047845e-01
8.596314245075975524e-01
8.816909212923940142e-01
9.038617416908695246e-01
9.264473917632202182e-01
9.497286961225508417e-01
9.739672874310059125e-01
9.994087611176524222e-01
1.026285419119112641e+00
1.054818533589797935e+00
1.085220062066563518e+00
1.117693740114223511e+00
1.152435466555970400e+00
1.189632880542293991e+00
1.229464009587696749e+00
1.272094844237967814e+00
1.317675669650995696e+00
1.366335959304477043e+00
1.418177614691458421e+00
1.473266322308569354e+00
1.531620802809422921e+00
1.593199757077662149e+00
1.657886383766446592e+00
1.725470469807425911e+00
1.795628260023665934e+00
1.867900616444930328e+00
1.941670402436262099e+00
2.016140583111158069e+00
2.090315214894366669e+00
2.162986263913505791e+00
2.232729955697061897e+00
2.297916962069730396e+00
2.356740946257894098e+00
2.407269524381225878e+00
2.447520257807465516e+00
2.475561643452224736e+00
2.489635211294612738e+00
2.488290127910583571e+00
2.470516958967062582e+00
2.435863690915780477e+00
2.384516127658111717e+00
2.317327410685444011e+00
2.235787846844210058e+00
2.141935448435257072e+00
2.038217487075137946e+00
1.927321372580634629e+00
1.811997205935778066e+00
1.694893598599460427e+00
1.578423478740395236e+00
1.464669400124722465e+00
1.355330431708271055e+00
1.251706706743463959e+00
1.154713991469176637e+00
1.064919218831809289e+00
9.825883061580328315e-01
9.077390238285454327e-01
8.401935534188613719e-01
7.796272067289419239e-01
7.256113173290363871e-01
6.776494737924495526e-01
6.352070522835507882e-01
5.977344895598569741e-01
5.646849936342734910e-01
5.355274901182052183e-01
5.097556050410640971e-01
4.868934314986255729e-01
4.664987460692583965e-01
4.481642494333391014e-01
4.315173146064558152e-01
4.162186413849551236e-01
4.019601397094231809e-01
3.884622985865479050e-01
3.754712408737052032e-01
3.627556170019997084e-01
3.501034517334304375e-01
3.373190263823144797e-01
3.242198536603423942e-01
3.106337825714299838e-01
2.963962558177207773e-01
2.813477313144145953e-01
2.653312720909098421e-01
2.481903046361875198e-01
2.297665443035594723e-01
2.098980875235961496e-01
1.884176742132464555e-01
1.651511299793926024e-01
1.399160067073602909e-01
1.125204522659777884e-01
8.276235588341906979e-02
5.042883595860470081e-02
1.529616255112761260e-02
-2.286976142464938050e-02
-6.431219704081840571e-02
-1.092814331239497505e-01
-1.580314483871327058e-01
-2.108150357896138583e-01
-2.678769757703807763e-01
-3.294447604002945229e-01
-3.957162837428617741e-01
-4.668438347164935442e-01
-5.429136744244825730e-01
-6.239204771453532583e-01
-7.097360032300236155e-01
-8.000716099818250271e-01
-8.944346686315401973e-01
-9.920797335146341878e-01
-1.091956501369547805e+00
-1.192658284165037719e+00
-1.292376915084204825e+00
-1.388872597848541668e+00
-1.479469850684144827e+00
-1.561092719723208955e+00
-1.630352799741159986e+00
-1.683700968696816291e+00
-1.717646814852389348e+00
-1.729037875566672211e+00
-1.715374907968093998e+00
-1.675122634896631268e+00
-1.607963173435061455e+00
-1.514937943034686096e+00
-1.398437605405520312e+00
-1.262027773280970377e+00
-1.110133647234165410e+00
-9.476378258130485621e-01
-7.794614801376474889e-01
-6.101951898391370088e-01
-4.438254542717178230e-01
-2.835753451726367169e-01
-1.318527294770408254e-01
9.716806086074352214e-03
1.402013840940428135e-01
2.592459679562853503e-01
3.669485107391989853e-01
4.637432327884956074e-01
5.502987499125253645e-01
6.274340290064844838e-01
6.960521029589730180e-01
7.570898097830863760e-01
8.114811130830789088e-01
8.601314406745043106e-01
9.039006710097187147e-01
9.435927242946170468e-01
9.799500726449894561e-01
1.013651817841380254e+00
1.045314273777217862e+00
1.075493228353910036e+00
1.104687249596879806e+00
1.133341549736947451e+00
1.161852036182221992e+00
1.190569266397460524e+00
1.219802090422927643e+00
1.249820814802894642e+00
1.280859758895935396e+00
1.313119102099487456e+00
1.346765941202799022e+00
1.381934493412422915e+00
1.418725395033214820e+00
1.457204060870194828e+00
1.497398087861105065e+00
1.539293711224721140e+00
1.582831355738765877e+00
1.627900372029434495e+00
1.674333111279605601e+00
1.721898574366231172e+00
1.770295974759614754e+00
1.819148678025978461e+00
1.867999120454516992e+00
1.916305456121832229e+00
1.963440819899605838e+00
2.008696199888432510e+00
2.051287954734072105e+00
2.090370950881224488e+00
2.125058091484461897e+00
2.154446627617823129e+00
2.177651066062980867e+00
2.193841729819502540e+00
2.202287145008763769e+00
2.202397529347621230e+00
2.193765897082955885e+00
2.176202851829997176e+00
2.149761176690915487e+00
2.114746952032612093e+00
2.071715129177808645e+00
2.021449125639975808e+00
1.964925828983165923e+00
1.903269081128075912e+00
1.837695956257457075e+00
1.769460731162719513e+00
1.699801312090349237e+00
1.629892116862949214e+00
1.560806222123012788e+00
1.493488230916531379e+00
1.428738036122938038e+00
1.367204624333980378e+00
1.309388369503580174e+00
1.255649912327744699e+00
1.206223658979177493e+00
1.161234081766427284e+00
1.120713280265272394e+00
1.084618591801222776e+00
1.052849371179432669e+00
1.025262357448815331e+00
1.001685293249642505e+00
9.819286551746182479e-01
9.657954945525141222e-01
9.530894841901742520e-01
9.436213264151339652e-01
9.372137096607109363e-01
9.337050122770931271e-01
9.329519493847009404e-01
9.348313462292170417e-01
9.392412032682491141e-01
9.461011967223820207e-01
9.553527353486211959e-01
9.669586708962956134e-01
9.809027367525383623e-01
9.971887669783210395e-01
1.015839726305808099e+00
1.036896560543174139e+00
1.060416855902811539e+00
1.086473274631541974e+00
1.115151712534149464e+00
1.146549101114743063e+00
1.180770752767198672e+00
1.217927121556317882e+00
1.258129824784822048e+00
1.301486742373056726e+00
1.348095983476109927e+00
1.398038485213594084e+00
1.451368990922789592e+00
1.508105151092157037e+00
1.568214507928880508e+00
1.631599176525011741e+00
1.698078137734075899e+00
1.767367229790594019e+00
1.839057189747303811e+00
1.912590474366789417e+00
1.987238100414190578e+00
2.062078389687085789e+00
2.135980261148439752e+00
2.207594514356023829e+00
2.275357266882188867e+00
2.337510141040636924e+00
2.392141667039116459e+00
2.437253364838743774e+00
2.470851803978795669e+00
2.491064495930986666e+00
2.496272936525520514e+00
2.485251122163242066e+00
2.457293520238370110e+00
2.412314187186735737e+00
2.350899792124315990e+00
2.274304347236220103e+00
2.184381950389652882e+00
2.083464045795723418e+00
1.974197039465535708e+00
1.859362092630271635e+00
1.741700111941991924e+00
1.623761455157858746e+00
1.507793148650034221e+00
1.395668615140132740e+00
1.288858013174261297e+00
1.188432519163589385e+00
1.095093565338030706e+00
1.009217819299994101e+00
9.309098534123217972e-01
8.600562835740236389e-01
7.963770986400058316e-01
7.394716143049857582e-01
6.888578205870447002e-01
6.440048326514563604e-01
6.043587535646861575e-01
5.693625934932774468e-01
5.384710410174605721e-01
5.111609137355708210e-01
4.869380759331086161e-01
4.653415344636983031e-01
4.459453318826837598e-01
4.283587614107033925e-01
4.122253388015066911e-01
3.972208852736919260e-01
3.830510047474243174e-01
3.694481778491785495e-01
3.561686439862568609e-01
3.429892004086803614e-01
3.297040126153353845e-01
3.161215027673782707e-01
3.020613610449783271e-01
2.873517083118348192e-01
2.718264263285686266e-01
2.553226634880781942e-01
2.376785191600300495e-01
2.187309078790726502e-01
1.983136055726309466e-01
1.762554837147342068e-01
1.523789437696605464e-01
1.264985737607679794e-01
9.842006163210380298e-02
6.793941679604643957e-02
3.484257258160739640e-02
-1.094530920534993743e-03
-4.010525087984400522e-02
-8.243075910889466340e-02
-1.283175499853949908e-01
-1.780136574786366221e-01
-2.317632318204852770e-01
-2.897990500157844873e-01
-3.523324529049851606e-01
-4.195401214371184961e-01
-4.915470379366816966e-01
-5.684049437897034096e-01
-6.500656329895077024e-01
-7.363485549319997991e-01
-8.269024996414110484e-01
-9.211616810053412374e-01
-1.018297407790061948e+00
-1.117167826071282954e+00
-1.216269988000452607e+00
-1.313700728246122162e+00
-1.407135334900396106e+00
-1.493835365660098002e+00
-1.570698437670188685e+00
-1.634362328473103698e+00
-1.681371990364738389e+00
-1.708410024830725682e+00
-1.712578581816330825e+00
-1.691705007481018264e+00
-1.644628526241993960e+00
-1.571416296574661642e+00
-1.473459914259269921e+00
-1.353420715635136551e+00
-1.215021602368705711e+00
-1.062716371425170170e+00
-9.012936185637122621e-01
-7.354823431314354565e-01
-5.696181033799784243e-01
-4.074069031320978751e-01
-2.517979874127965756e-01
-1.049548774399664264e-01
3.169904694383897381e-02
1.573879853414690000e-01
2.718689823976964681e-01
3.753137457408656785e-01
4.681990484117733997e-01
5.512120381560703386e-01
6.251726439512281797e-01
6.909726761912594606e-01
7.495298341426153144e-01
8.017542783643855087e-01
8.485253684232779703e-01
8.906763696966824018e-01
9.289852445600618180e-01
9.641699747451869529e-01
9.968871685235642932e-01
1.027732970375772492e+00
1.057245508210201912e+00
1.085908287279502948e+00
1.114154076722598141e+00
1.142368940628023521e+00
1.170896146625483913e+00
1.200039746339201630e+00
1.230067667764151995e+00
1.261214193196508182e+00
1.293681720653677258e+00
1.327641724294065240e+00
1.363234842557044857e+00
1.400570033947533322e+00
1.439722752084501733e+00
1.480732106580569418e+00
1.523596997640140449e+00
1.568271243474780308e+00
1.614657764607771107e+00
1.662601951915059662e+00
1.711884429646443495e+00
1.762213533612403404e+00
1.813217959196479434e+00
1.864440191456284701e+00
1.915331502659677110e+00
1.965249476186383459e+00
2.013459165558776132e+00
2.059139088818163099e+00
2.101393247258298125e+00
2.139270193569841716e+00
2.171789809934961735e+00
2.197977858989699662e+00
