5.617012643376808612e-01
5.605223444830088608e-01
5.625357042234395699e-01
5.673654194446685617e-01
5.747591306801205224e-01
5.845650422556700754e-01
5.967145291311646282e-01
6.112091696049843925e-01
6.281112775797437209e-01
6.475372103625730569e-01
6.696528855394637825e-01
6.946710609799212621e-01
7.228500216418386470e-01
7.544933800267527024e-01
7.899507366617344317e-01
8.296189639346543965e-01
8.739438702869748443e-01
9.234219695234959779e-01
9.786020169360474252e-01
1.040085872494466823e+00
1.108528100764723412e+00
1.184633502891016210e+00
1.269151478977119218e+00
1.362865715941611766e+00
1.466577158705407280e+00
1.581077521762088711e+00
1.707109707586693892e+00
1.845310406363691591e+00
1.996128882211835709e+00
2.159714601208848173e+00
2.335765157002109849e+00
2.523325361402805722e+00
2.720529218080577571e+00
2.924280156964934374e+00
3.129873459983402384e+00
3.330581115844713835e+00
3.517246739347873685e+00
3.677979379570772700e+00
3.798089496227594175e+00
3.860469647994992037e+00
3.846663493411290435e+00
3.738846176688369827e+00
3.522796007867765145e+00
3.191617092389837484e+00
2.749484435644712121e+00
2.214177482926101170e+00
1.616969913350349008e+00
9.989309259049904410e-01
4.039754403596498844e-01
-1.294100432828119429e-01
-5.749326721638539084e-01
-9.214673155940033000e-01
-1.171736653680250040e+00
-1.338034803651589000e+00
-1.437128764944968884e+00
-1.486055421986492986e+00
-1.499547209363188971e+00
-1.488984664937179625e+00
-1.462387962835926869e+00
-1.424940754603439386e+00
-1.379685805962359568e+00
-1.328193822583803030e+00
-1.271123027682142803e+00
-1.208651872129080651e+00
-1.140795611750042848e+00
-1.067625557310235118e+00
-9.894089242234224146e-01
-9.066837758602415143e-01
-8.202805565352292438e-01
-7.313001468837515562e-01
-6.410581821412876247e-01
-5.510059784744981703e-01
-4.626390727069147335e-01
-3.774044312194627104e-01
-2.966164085586481813e-01
-2.213894605448259723e-01
-1.525926989034538106e-01
-9.082810404482881406e-02
-3.643115000858646729e-02
1.050978889042611386e-02
5.012031654319142049e-02
8.269869698228887733e-02
1.086714822970230448e-01
1.285502962138375671e-01
1.428927876210041303e-01
1.522695610184330028e-01
1.572378430716367681e-01
1.583218431120275160e-01
1.559992281883737786e-01
1.506928320268564603e-01
1.427666012093673498e-01
1.325247951834568061e-01
1.202135493188927484e-01
1.060240428380226502e-01
9.009665843346129077e-02
7.252566035266883038e-02
5.336404319545731689e-02
3.262831068642860211e-02
1.030303180895629847e-02
-1.365490752274556817e-02
-3.931238309951419485e-02
-6.675642320096014659e-02
-9.609085854117309367e-02
-1.274331501940340339e-01
-1.609112905192251752e-01
-1.966606508354916683e-01
-2.348206293202940997e-01
-2.755309322229604341e-01
-3.189273002601635820e-01
-3.651364698367370321e-01
-4.142701359903151470e-01
-4.664176620800836726e-01
-5.216372628289480673e-01
-5.799453766288118484e-01
-6.413039464578564885e-01
-7.056053555843040392e-01
-7.726548271880713248e-01
-8.421502129544744530e-01
-9.136592857769578746e-01
-9.865949410510400641e-01
-1.060189126866455833e+00
-1.133466891028171109e+00
-1.205222668337069258e+00
-1.274001829913635087e+00
-1.338091534216644840e+00
-1.395525952915291246e+00
-1.444111805073912569e+00
-1.481480526863945935e+00
-1.505172931799482416e+00
-1.512760408530185785e+00
-1.502003115119912913e+00
-1.471040013562367132e+00
-1.418598137790036740e+00
-1.344200089691582889e+00
-1.248341148630596420e+00
-1.132603036767067861e+00
-9.996729850705590170e-01
-8.532462030529445185e-01
-6.978071408364774353e-01
-5.383072557353237864e-01
-3.797789676043548113e-01
-2.269406039425778399e-01
-8.385022768428396223e-02
4.634420787004016329e-02
1.615318799932044525e-01
2.606417916891755615e-01
3.435414857532865240e-01
4.108656473161912404e-01
4.638120332468668727e-01
5.039374506773663942e-01
5.329770220299067107e-01
5.526993774602131371e-01
5.648013436031029677e-01
5.708393965380904600e-01
5.721917086155485777e-01
5.700434646944766426e-01
5.653884578778701764e-01
5.590410771934333223e-01
5.516541486423238716e-01
5.437393753316623890e-01
5.356881957808533601e-01
5.277917028683739575e-01
5.202588580103223448e-01
5.132326385865116913e-01
5.068040178957898823e-01
5.010238370418345077e-01
4.959127194054558374e-01
4.914692243959860041e-01
4.876764544688390601e-01
4.845073290251427078e-01
4.819287280338399593e-01
4.799046917189004335e-01
4.783988434229524134e-01
4.773761826883952120e-01
4.768043758780589059e-01
4.766546530222212641e-01
4.769024024568985776e-01
4.775275394347208713e-01
4.785147113285340703e-01
4.798533902961206188e-01
4.815378942530197937e-01
4.835673685873231320e-01
4.859457540980954282e-01
4.886817609881459745e-01
4.917888642304936719e-01
4.952853320991572050e-01
4.991942969616937620e-01
5.035438754386590832e-01
5.083673436233112630e-01
5.137033721171252454e-01
5.195963250802075883e-01
5.260966272398771570e-01
5.332612027750387451e-01
5.411539901359740945e-01
5.498465371112208899e-01
5.594186807595855626e-01
5.699593171281911452e-01
5.815672659123247712e-01
5.943522353028793948e-01
6.084358921161009404e-01
6.239530417832696019e-01
6.410529217295862781e-01
6.599006098707506096e-01
6.806785471050630365e-01
7.035881683779328100e-01
7.288516306056224137e-01
7.567136167426739002e-01
7.874431825948942087e-01
8.213355953272081234e-01
8.587140882827294375e-01
8.999314234622742825e-01
9.453711078654234434e-01
9.954480490508380575e-01
1.050608353861652411e+00
1.111327866163556610e+00
1.178108897161971313e+00
1.251474416530597100e+00
1.331958734256394550e+00
1.420093401644004993e+00
1.516386686858694377e+00
1.621294532509255815e+00
1.735180388463998247e+00
1.858260762942474775e+00
1.990532818610348365e+00
2.131679992168934668e+00
2.280951670628822203e+00
2.437013797089523148e+00
2.597769483902803156e+00
2.760153098790143478e+00
2.919908898155324728e+00
3.071377224018847496e+00
3.207328339636606795e+00
3.318905782266320603e+00
3.395764752157826916e+00
3.426509235766880934e+00
3.399530917289570020e+00
3.304314259174537138e+00
3.133175400304948788e+00
2.883239759855922735e+00
2.558258888216133453e+00
2.169696214921045030e+00
1.736493569305574303e+00
1.283175949916064429e+00
8.364647367838847769e-01
4.211707690025826567e-01
5.651283719615426970e-02
-2.461018962975969337e-01
-4.833727456119646382e-01
-6.587366884548960799e-01
-7.800863684258459996e-01
-8.573968049474360864e-01
-9.008285476182353868e-01
-9.195225700849026795e-01
-9.210327378684423083e-01
-9.112153467724035671e-01
-8.943823740918158682e-01
-8.735687357341579418e-01
-8.508195527591337903e-01
-8.274491098476380868e-01
-8.042531975781656017e-01
-7.816731291236866941e-01
-7.599172807889011949e-01
-7.390483733970297786e-01
-7.190445171286968806e-01
-6.998408267438216424e-01
-6.813569710990163841e-01
-6.635147023018204138e-01
-6.462483338870952387e-01
-6.295103124740938361e-01
-6.132734185397684668e-01
-5.975306932739776755e-01
-5.822938768819784228e-01
-5.675909236937940472e-01
-5.534630037735225327e-01
-5.399612893668249702e-01
-5.271437432563728098e-01
-5.150720651153883889e-01
-5.038089047265991161e-01
-4.934154132746509935e-01
-4.839491732519209388e-01
-4.754625223439426507e-01
-4.680012661532380602e-01
-4.616037583248852050e-01
-4.563003142683090263e-01
-4.521129159795631569e-01
-4.490551601717680530e-01
-4.471323996657068922e-01
-4.463420283573106828e-01
-4.466738625945649854e-01
-4.481105759736805916e-01
-4.506281499239389032e-01
-4.541963085507031428e-01
-4.587789126630690828e-01
-4.643342944137959227e-01
-4.708155202875191070e-01
-4.781705761254971265e-01
-4.863424733741735229e-01
-4.952692807484937454e-01
-5.048840900085355132e-01
-5.151149285860022742e-01
-5.258846354047450600e-01
-5.371107194552648956e-01
-5.487052235328091498e-01
-5.605746180344943763e-01
-5.726197518030271549e-01
-5.847358886346779583e-01
-5.968128591263772709e-01
-6.087353578672602961e-01
-6.203834153899249193e-01
-6.316330725603941376e-01
-6.423572819592509031e-01
-6.524270560471387981e-01
-6.617128753015045772e-01
-6.700863609052385428e-01
-6.774222059088392811e-01
-6.836003461645832058e-01
-6.885083380148029342e-01
-6.920438941942179678e-01
-6.941175134036200456e-01
-6.946551234927305085e-01
-6.936006443283063705e-01
-6.909183655436044180e-01
-6.865950278428589737e-01
-6.806414956649683434e-01
-6.730939148523938931e-01
-6.640142621787747945e-01
-6.534902142585712337e-01
-6.416342909172293441e-01
-6.285822612388869413e-01
-6.144908372369783933e-01
-5.995347178552072887e-01
-5.839030819044663811e-01
-5.677956596273661116e-01
-5.514185361847688815e-01
-5.349798543992406730e-01
-5.186855873386335691e-01
-5.027355435530957983e-01
-4.873197497962218350e-01
-4.726153295976776580e-01
-4.587839635480541189e-01
-4.459699814500214798e-01
-4.342991005001207161e-01
-4.238777900701435342e-01
-4.147932146407293241e-01
-4.071136835304694501e-01
-4.008895200679385984e-01
-3.961542538855647999e-01
-3.929260375974541475e-01
-3.912091923435266905e-01
-3.909957943555794624e-01
-3.922672255376812855e-01
-3.949956237982883978e-01
-3.991451824080527455e-01
-4.046732610739322555e-01
-4.115312840407968631e-01
-4.196654119164067720e-01
-4.290169838400279545e-01
-4.395227350358641427e-01
-4.511148018073134480e-01
-4.637205318331604764e-01
-4.772621224785272287e-01
-4.916561140136508357e-01
-5.068127684204697392e-01
-5.226353681103803606e-01
-5.390194725769386075e-01
-5.558521748978527688e-01
-5.730114041303698835e-01
-5.903653239622963511e-01
-6.077718823219556699e-01
-6.250785707210608777e-01
-6.421224554737616774e-01
-6.587305450306342181e-01
-6.747205577806411059e-01
-6.899021519856309848e-01
-7.040786731264079279e-01
-7.170494629557888633e-01
-7.286127581600059244e-01
-7.385691841264284685e-01
-7.467258206688278666e-01
-7.529007819687298930e-01
-7.569282134461502443e-01
-7.586635655986104787e-01
-7.579889617672075364e-01
-7.548184368927525201e-01
-7.491027918981262301e-01
-7.408337880190952740e-01
-7.300474017096056922e-01
-7.168258774035043412e-01
-7.012983546941492508e-01
-6.836399085572471002e-01
-6.640689236693583242e-01
-6.428428214987653710e-01
-6.202522640017886779e-01
-5.966140609745848034e-01
-5.722630991979542614e-01
-5.475436809017941719e-01
-5.228006991899843969e-01
-4.983710844719077548e-01
-4.745759280534190272e-01
-4.517136302053557095e-01
-4.300543370361020190e-01
-4.098358325147692938e-01
-3.912609492173454995e-01
-3.744964636054591289e-01
-3.596733570952789782e-01
-3.468882585886975956e-01
-3.362058404689040048e-01
-3.276619185418298552e-01
-3.212670050084799334e-01
-3.170100786701630091e-01
-3.148623637450294055e-01
-3.147809432950383068e-01
-3.167120710891107027e-01
-3.205940832533348273e-01
-3.263598456788352475e-01
-3.339387031927543159e-01
-3.432579211045018175e-01
-3.542436287600861378e-01
-3.668212885243510302e-01
-3.809157228573286647e-01
-3.964507377437787583e-01
-4.133483836405574818e-01
-4.315278962876968882e-01
-4.509043600920258354e-01
-4.713871371547863065e-01
-4.928781060908090650e-01
-5.152697571780098240e-01
-5.384431945650346441e-01
-5.622661026051612998e-01
-5.865907420807827677e-01
-6.112520531603526930e-01
-6.360659551902557718e-01
-6.608279483883496841e-01
-6.853121383456989291e-01
-7.092708197097259415e-01
-7.324347687826521236e-01
-7.545144037667061987e-01
-7.752019732492787529e-01
-7.941749250428481455e-01
-8.111005852338388777e-01
-8.256422379032316572e-01
-8.374666366959790942e-01
-8.462528987048351103e-01
-8.517026294653845531e-01
-8.535510085001855041e-01
-8.515784345541668188e-01
-8.456221990450842885e-01
-8.355875396203081840e-01
-8.214573401412035292e-01
-8.032997069375530375e-01
-7.812726800936573568e-01
-7.556254441690731793e-01
-7.266955881474275181e-01
-6.949022216587041889e-01
-6.607350637320458242e-01
-6.247399506804047764e-01
-5.875015229835272024e-01
-5.496241072815696294e-01
-5.117119739449705884e-01
-4.743501998286059340e-01
-4.380872926132914347e-01
-4.034205481966532392e-01
-3.707848423206159816e-01
-3.405452391785399047e-01
-3.129934741906234552e-01
-2.883480733618768999e-01
-2.667576366589958226e-01
-2.483066545029497807e-01
-2.330231488662342920e-01
-2.208874267082657217e-01
-2.118412890194967813e-01
-2.057971351557296991e-01
-2.026465206482457870e-01
-2.022678507489494293e-01
-2.045330088736441732e-01
-2.093128203943663834e-01
-2.164813334817810020e-01
-2.259189587756364748e-01
-2.375145497877610146e-01
-2.511665287904957800e-01
-2.667831718745872216e-01
-2.842821653616420807e-01
-3.035895370790960279e-01
-3.246380529748271737e-01
-3.473651544974969974e-01
-3.717104969613694299e-01
-3.976131352165201416e-01
-4.250083915181878669e-01
-4.538244324858787260e-01
-4.839785782962471861e-01
-5.153733685440838874e-01
-5.478924163044764928e-01
-5.813960956105865829e-01
-6.157171285743193723e-01
-6.506561673678331603e-01
-6.859775036594841779e-01
-7.214050838191122805e-01
-7.566190615028066668e-01
-7.912531782275914471e-01
-8.248933238564163384e-01
-8.570776871560545906e-01
-8.872989539982524265e-01
-9.150090369516927780e-01
-9.396268120326191076e-01
-9.605492814427495363e-01
-9.771664599912267546e-01
-9.888800843435483490e-01
-9.951259605304723088e-01
-9.953993984033459030e-01
-9.892827485605028004e-01
-9.764735926923672205e-01
-9.568116972688029964e-01
-9.303024955187627620e-01
-8.971346958188869403e-01
-8.576897036795565477e-01
-8.125409443238301721e-01
-7.624418955061281755e-01
-7.083026396610998532e-01
-6.511559116572802619e-01
-5.921147918941437327e-01
-5.323251873079122287e-01
-4.729168814200224724e-01
-4.149570993825686949e-01
-3.594101904605011555e-01
-3.071062393525664791e-01
-2.587203215133051515e-01
-2.147629057158305377e-01
-1.755807721374707531e-01
-1.413669114436719443e-01
-1.121772911368490167e-01
-8.795214048105516602e-02
-6.853947489392019088e-02
-5.371887611163596310e-02
-4.322397229280212916e-02
-3.676253502123356942e-02
-3.403355943243242809e-02
-3.474107523456385072e-02
-3.860472921382888251e-02
-4.536738120120983181e-02
-5.480007480351647975e-02
-6.670479708038162814e-02
-8.091544512815307399e-02
-9.729738835992764179e-02
-1.157459665663224530e-01
-1.361842057997503797e-01
-1.585599738804001901e-01
-1.828427394421816565e-01
-2.090200455263770130e-01
-2.370937620144145386e-01
-2.670761410117961643e-01
-2.989856655096425619e-01
-3.328426539324257361e-01
-3.686645612500498714e-01
-4.064609011322365961e-01
-4.462277034628942540e-01
-4.879414182133595124e-01
-5.315521816017119150e-01
-5.769763757479898780e-01
-6.240884415505792981e-01
-6.727119499220928223e-01
-7.226100031999318496e-01
-7.734751313037926401e-01
-8.249189708070678861e-01
-8.764621733393012093e-01
-9.275251841429992261e-01
-9.774207593667456617e-01
-1.025349342039458822e+00
-1.070398671751838116e+00
-1.111549228471433892e+00
-1.147687256948404011e+00
-1.177627117998296669e+00
-1.200144485584241583e+00
-1.214021368046688032e+00
-1.218103004447476101e+00
-1.211365338283337145e+00
-1.192990039214266496e+00
-1.162442074811978587e+00
-1.119542904723127119e+00
-1.064530879458393420e+00
-9.980998487738885760e-01
-9.214077624360510477e-01
-8.360494435409252523e-01
-7.439916681909021223e-01
-6.474737102851599868e-01
-5.488817246973107800e-01
-4.506096429690222838e-01
-3.549216156654956822e-01
-2.638308289071627510e-01
-1.790067495233124695e-01
-1.017181617948088312e-01
-3.281384410428413168e-02
2.726240554805836602e-02
7.842949667860385499e-02
1.209086233016597040e-01
1.551539882183078090e-01
1.817827789986447007e-01
2.015104966078544169e-01
2.150954947082144020e-01
2.232945371639519783e-01
2.268295699932403597e-01
2.263648108673302906e-01
2.224926454133648313e-01
2.157265842808251677e-01
2.064995604354932235e-01
1.951660259198451652e-01
1.820065589758038949e-01
1.672339599386743481e-01
1.510000643813909915e-01
1.334027182437528269e-01
1.144925369412468363e-01
9.427921008504244749e-02
7.273722009753810780e-02
4.981092249530585936e-02
2.541899375340232747e-02
-5.417052868991123959e-04
-2.819277206948775372e-02
-5.767131010513414785e-02
-8.912726330492898308e-02
-1.227209030688240499e-01
-1.586203195655938036e-01
-1.969987527344256584e-01
-2.380315802532394776e-01
-2.818927581694543050e-01
-3.287504846052159979e-01
-3.787618280074308008e-01
-4.320660296578084925e-01
-4.887761575398060221e-01
-5.489687587168129435e-01
-6.126711358930848617e-01
-6.798458696827232028e-01
-7.503722343013510265e-01
-8.240242291809939390e-01
-9.004450969863618814e-01
-9.791184512541039053e-01
-1.059336532516646612e+00
-1.140166692484611444e+00
-1.220418011765247446e+00
-1.298611014102516670e+00
-1.372954742604537870e+00
-1.441336942575114799e+00
-1.501334584025074470e+00
-1.550253147260403974e+00
-1.585203508165454522e+00
-1.603224248134705876e+00
-1.601454033520265385e+00
-1.577352705860233018e+00
-1.528960650244597819e+00
-1.455174453627449127e+00
-1.356004660774141168e+00
-1.232771806182325181e+00
-1.088194027730690960e+00
-9.263273655011368124e-01
-7.523400778860925842e-01
-5.721327301326927239e-01
-3.918495332315901081e-01
-2.173533993399439090e-01
-5.374793746648889176e-02
9.498049128584321044e-02
2.261557006497751932e-01
3.384315327396076323e-01
4.316645155404267853e-01
5.066870388687696458e-01
5.650351003117689563e-01
6.086778302852404732e-01
6.397816236488468311e-01
6.605257420299593951e-01
6.729729184749548843e-01
6.789896452985363373e-01
6.802064109844830897e-01
6.780071033049744900e-01
6.735377906992662256e-01
6.677270132994029828e-01
6.613118060696837608e-01
6.548655322385132926e-01
6.488250683418523845e-01
6.435159434480643981e-01
6.391747548148803970e-01
6.359686412573809511e-01
6.340118699594764484e-01
6.333797435693803157e-01
6.341201070368244208e-01
6.362627585318382240e-01
6.398270659786216008e-01
6.448280727889846853e-01
6.512813508792872907e-01
6.592068304651085286e-01
6.686318069998253844e-01
6.795932973631571006e-01
6.921398907364344488e-01
7.063332148283257839e-01
7.222491152743949483e-01
7.399786249734869870e-01
7.596287805432857532e-01
7.813233245480120104e-01
8.052033141223571278e-01
8.314276384104380968e-01
8.601734280422007606e-01
8.916363187113468536e-01
9.260305066470354562e-01
9.635885050264646479e-01
1.004560475561829591e+00
1.049212966764525579e+00
1.097826837643801845e+00
1.150694080537419728e+00
1.208113177026371332e+00
1.270382524272323010e+00
1.337791354122345400e+00
1.410607433923972254e+00
1.489060688967394519e+00
1.573321729468803332e+00
1.663474115613716497e+00
1.759479080306481480e+00
1.861131397145268984e+00
1.968005202881571547e+00
2.079388965902658093e+00
2.194209584311857864e+00
2.310946994199885030e+00
2.427542903544503528e+00
2.541310577835669715e+00
2.648857158666346745e+00
2.746035757247397235e+00
2.827951064785385160e+00
2.889048270972859545e+00
2.923318457072060284e+00
2.924650918522750054e+00
2.887349779663004767e+00
2.806804805154676341e+00
2.680263212301371212e+00
2.507595367314551904e+00
2.291896443563089303e+00
2.039741347020230577e+00
1.760936863098155225e+00
1.467707230638156668e+00
1.173394486295198602e+00
8.909071844093774395e-01
6.312461117513958886e-01
4.024238593734419944e-01
2.089745682956282435e-01
5.207230046223677855e-02
-6.988263230246431756e-02
-1.604332109570576204e-01
-2.242102089099381745e-01
-2.662060183421032233e-01
-2.912496469247613518e-01
-3.036868490369243334e-01
-3.072294900140215557e-01
-3.049243200033501244e-01
-2.991943079556514395e-01
-2.919163112818720096e-01
-2.845107714652457265e-01
-2.780291383415718909e-01
-2.732318823928147622e-01
-2.706544793951710104e-01
-2.706612936692029958e-01
-2.734885138865024157e-01
-2.792777391039419910e-01
-2.881018368371683347e-01
-2.999845254409859163e-01
-3.149148973921339079e-01
-3.328578630618070910e-01
-3.537612843174487431e-01
-3.775603923063737266e-01
-4.041799432760671551e-01
-4.335344560114667289e-01
-4.655267896302496822e-01
-5.000452571256930323e-01
-5.369594255808619598e-01
-5.761147272265411123e-01
-6.173259966380870711e-01
-6.603700596703496739e-01
-7.049775314253279301e-01
-7.508240364140107426e-01
-7.975211469750981275e-01
-8.446074481739113127e-01
-8.915402793620562649e-01
-9.376888717259040940e-01
-9.823297898455538579e-01
-1.024645778582808031e+00
-1.063729289897443087e+00
-1.098592081185792546e+00
-1.128182288829388868e+00
-1.151410228717580031e+00
-1.167183795867723806e+00
-1.174453671098753205e+00
-1.172267561868352015e+00
-1.159831422476640395e+00
-1.136574103861632601e+00
-1.102210354163917660e+00
-1.056795800020461140e+00
-1.000766823502533764e+00
-9.349584532221355548e-01
-8.605947621291019090e-01
-7.792488619705408848e-01
-6.927731746332241869e-01
-6.032047101497951536e-01
-5.126538321679695587e-01
-4.231876372273222775e-01
-3.367199857771356886e-01
-2.549191514601818476e-01
-1.791412243368976087e-01
-1.103934508578163637e-01
-4.932747760630669387e-02
3.741183287985268800e-03
4.879364701940623605e-02
8.605540350619826639e-02
1.159384591372657064e-01
1.389839239326667308e-01
1.558095038336327343e-01
1.670646595828697845e-01
1.733946758226036500e-01
1.754137039167456003e-01
1.736860437630671772e-01
1.687144801245023251e-01
1.609343143399321330e-01
1.507117487767845321e-01
1.383454132229761657e-01
1.240700103733356485e-01
1.080612606438596662e-01
9.044151964458661819e-02
7.128561173539134377e-02
5.062656536636275795e-02
2.846105056047521648e-02
4.754408796646004270e-03
-2.055476530464184562e-02
-4.755047848462739396e-02
-7.633557750615706239e-02
-1.070282890159585526e-01
-1.397589528874347009e-01
-1.746668202796957947e-01
-2.118967683846579297e-01
-2.515957648569362437e-01
-2.939088951963064744e-01
-3.389747453487291229e-01
-3.869199095873013805e-01
-4.378523711950387254e-01
-4.918534825209018857e-01
-5.489682549772757492e-01
-6.091936637795618559e-01
-6.724646845274334650e-01
-7.386378201639482999e-01
-8.074719624342682200e-01
-8.786065811770837897e-01
-9.515374715999126431e-01
-1.025590641637172284e+00
-1.099895416901895739e+00
-1.173358503221386240e+00
-1.244641585563637243e+00
-1.312146037412694977e+00
-1.374009396691635798e+00
-1.428119288751325433e+00
-1.472151199807453459e+00
-1.503636567665884938e+00
-1.520066601762608771e+00
-1.519034574656045633e+00
-1.498414643480553421e+00
-1.456568479947587091e+00
-1.392562617586196927e+00
-1.306370801177094254e+00
-1.199028967623812170e+00
-1.072708594894587364e+00
-9.306795992556039510e-01
-7.771479136147320110e-01
-6.169739700651289960e-01
-4.553021788185895313e-01
-2.971516427145721728e-01
-1.470282987090234250e-01
-8.614687105306871942e-03
1.154235551276147909e-01
2.235003158867586992e-01
3.150517834891770619e-01
3.903891149422941131e-01
4.504993511601869671e-01
4.968316992811018795e-01
5.310982286660277385e-01
5.551070876802708387e-01
5.706359099791243894e-01
5.793451232371156223e-01
5.827259931561464823e-01
5.820760738911653354e-01
5.784945077552675619e-01
5.728905027603061750e-01
5.659996685753219126e-01
5.584042900987091773e-01
5.505548421725272590e-01
5.427910174578050029e-01
5.353612519666688385e-01
5.284402272259582922e-01
5.221441537972261182e-01
5.165438443417060821e-01
5.116757035309150714e-01
5.075508252997218417e-01
5.041624153251496043e-01
5.014917618248917464e-01
4.995129697756192089e-01
4.981966582343408945e-01
4.975128012832725211e-01
4.974328725289736686e-01
4.979314325211950387e-01
4.989872788107669876e-01
5.005842601715692064e-01
5.027118400607117898e-01
5.053654798111917312e-01
5.085468993572296315e-01
5.122642624215464346e-01
5.165323239316321757e-01
5.213725698318598667e-01
5.268133732555366766e-01
5.328901860440781180e-01
5.396457806784864530e-01
5.471305546558109523e-01
5.554029070431421022e-01
5.645296952256412260e-01
5.745867785926397353e-01
5.856596549414402331e-01
5.978441945873379515e-01
6.112474764105413350e-01
6.259887291930431585e-01
6.422003804249422076e-01
6.600292130781072464e-01
6.796376283907870075e-01
7.012050091414441244e-01
7.249291727742573910e-01
7.510278964966246029e-01
7.797404863434495015e-01
8.113293481978438582e-01
8.460814995657855997e-01
8.843099348148429906e-01
9.263547213867926455e-01
9.725836573278839881e-01
1.023392257722175014e+00
1.079202754726774405e+00
1.140461687344088482e+00
1.207635516249813579e+00
1.281203518501600636e+00
1.361646989047964329e+00
1.449433493780409421e+00
1.544994578707633792e+00
1.648694945129526745e+00
1.760790668808119852e+00
1.881373614092036739e+00
2.010298854765270260e+00
2.147091809499109161e+00
2.290832174175755132e+00
2.440012961205467512e+00
2.592375578297640537e+00
2.744726612659896592e+00
2.892749668022420728e+00
3.030836995451401616e+00
3.151981023522162584e+00
3.247784196947104629e+00
3.308663271617848789e+00
3.324334044026709734e+00
3.284652410310484605e+00
3.180842267166361648e+00
3.007046894800251557e+00
2.761998586208862516e+00
2.450440847243118725e+00
2.083826412997890731e+00
1.679845857452260116e+00
1.260585246953912941e+00
8.495413301238253778e-01
4.681780677097665544e-01
1.329490700368861078e-01
-1.464288551853603626e-01
-3.671373214555399001e-01
-5.320935924836704967e-01
-6.480637290812752971e-01
-7.236966833532023635e-01
-7.679287004483626999e-01
-7.889378900716577103e-01
-7.936184103509628107e-01
-7.874392764086020069e-01
-7.745357311152093471e-01
-7.579105158947283538e-01
-7.396644140783152910e-01
-7.212119229483474614e-01
-7.034631239908817335e-01
-6.869675923650300220e-01
-6.720234985336281941e-01
-6.587578302437271383e-01
-6.471840358709021190e-01
-6.372426872824683564e-01
-6.288297111319662847e-01
-6.218156951033424473e-01
-6.160588819554572160e-01
-6.114137541310894486e-01
-6.077365724486483156e-01
-6.048888345816484380e-01
-6.027393311465608638e-01
-6.011652715667892277e-01
-6.000528062394353546e-01
-5.992971689738640917e-01
-5.988025917072098414e-01
-5.984820931091833218e-01
-5.982572074411673935e-01
-5.980576954018459457e-01
-5.978212615016368359e-01
-5.974932905523117066e-01
-5.970266076049508541e-01
-5.963812600604654346e-01
-5.955243169826508476e-01
-5.944296783611184853e-01
-5.930778858522959274e-01
-5.914559261269322077e-01
-5.895570181964930878e-01
-5.873803768460019725e-01
-5.849309454606054226e-01
-5.822190930046832191e-01
-5.792602716094629178e-01
-5.760746330638619739e-01
-5.726866044002850709e-01
-5.691244246399647100e-01
-5.654196465314265119e-01
-5.616066087065783030e-01
-5.577218850261801419e-01
-5.538037189364088952e-01
-5.498914513719930230e-01
-5.460249510969791276e-01
-5.422440563676641512e-01
-5.385880364476876014e-01
-5.350950808337588960e-01
-5.318018231076420133e-01
-5.287429051730592189e-01
-5.259505863300381057e-01
-5.234544002525745032e-01
-5.212808615365530640e-01
-5.194532221377646808e-01
-5.179912767813303898e-01
-5.169112153408754740e-01
-5.162255192939302351e-01
-5.159428986827810926e-01
-5.160682655587206513e-01
-5.166027396625304524e-01
-5.175436820852249431e-01
-5.188847528424418432e-01
-5.206159886587700125e-01
-5.227238977654939944e-01
-5.251915691345679926e-01
-5.279987942695897329e-01
-5.311222004174722677e-01
-5.345353948195652460e-01
-5.382091203567597182e-01
-5.421114236300762501e-01
-5.462078371288736633e-01
-5.504615776477626010e-01
-5.548337634972817511e-01
-5.592836532913966208e-01
-5.637689091681752362e-01
-5.682458871926058253e-01
-5.726699573896099071e-01
-5.769958553520155853e-01
-5.811780666586577881e-01
-5.851712444240111388e-01
-5.889306591923753054e-01
-5.924126791048421881e-01
-5.955752768341838754e-01
-5.983785582403282621e-01
-6.007853060974417403e-01
-6.027615306440954335e-01
-6.042770171819648040e-01
-6.053058595754727822e-01
-6.058269673693197355e-01
-6.058245334284316774e-01
-6.052884485968853534e-01
-6.042146499402848425e-01
-6.026053897351590916e-01
-6.004694135323650483e-01
-5.978220373547202815e-01
-5.946851163659929718e-01
-5.910869001088220331e-01
-5.870617725592865987e-01
-5.826498786609326519e-01
-5.778966425311208299e-01
-5.728521860106409180e-01
-5.675706594800600246e-01
-5.621094997246525171e-01
-5.565286319423989880e-01
-5.508896346329780203e-01
-5.452548869939151110e-01
-5.396867185410960666e-01
-5.342465799697683204e-01
-5.289942528303660518e-01
-5.239871135044372741e-01
-5.192794643574822899e-01
-5.149219419699124778e-01
-5.109610091699590129e-01
-5.074385343799152626e-01
-5.043914586967219726e-01
-5.018515482979447606e-01
-4.998452273071249397e-01
-4.983934842507014018e-01
-4.975118437427958895e-01
-4.972103940638333830e-01
-4.974938608459301137e-01
-4.983617171103601473e-01
-4.998083203700315336e-01
-5.018230683499388389e-01
-5.043905660208269914e-01
-5.074907980131498908e-01
-5.110993020083833827e-01
-5.151873403256569395e-01
-5.197220685720902456e-01
-5.246667018504770352e-01
-5.299806805698897838e-01
-5.356198393410845915e-01
-5.415365837216011835e-01
-5.476800806707685654e-01
-5.539964694499218689e-01
-5.604291003261888671e-01
-5.669188087773823215e-01
-5.734042329187802878e-01
-5.798221815482125230e-01
-5.861080595038676844e-01
-5.921963559235473573e-01
-5.980211994655723062e-01
-6.035169825919081132e-01
-6.086190546301899484e-01
-6.132644805499508633e-01
-6.173928592606801047e-01
-6.209471918449238625e-01
-6.238747865891079991e-01
-6.261281841105561519e-01
-6.276660824737714250e-01
-6.284542391400357308e-01
-6.284663241159619274e-01
-6.276846969775614626e-01
-6.261010797546233686e-01
-6.237170981449864371e-01
-6.205446653211650343e-01
-6.166061857580397154e-01
-6.119345610332416197e-01
-6.065729853217569634e-01
-6.005745251166380028e-01
-5.940014852597316208e-01
-5.869245712829238570e-01
-5.794218659091127099e-01
-5.715776448857603498e-01
-5.634810636760676505e-01
-5.552247515150577906e-01
-5.469033526341600115e-01
-5.386120558629500232e-01
-5.304451532543515979e-01
-5.224946659092368773e-01
-5.148490709866778703e-01
-5.075921582767571882e-01
-5.008020380665846316e-01
-4.945503147784495734e-01
-4.889014334454503397e-01
-4.839121989352175301e-01
-4.796314613044412867e-01
-4.760999550589632978e-01
-4.733502756112512033e-01
-4.714069729823982535e-01
-4.702867408151976125e-01
-4.699986779979564711e-01
-4.705446005345327865e-01
-4.719193825809993581e-01
-4.741113076251460834e-01
-4.771024134255251181e-01
-4.808688173715025549e-01
-4.853810122105179925e-01
-4.906041254720195366e-01
-4.964981392838955232e-01
-5.030180705373520356e-01
-5.101141144445447972e-01
-5.177317574039311809e-01
-5.258118677095282578e-01
-5.342907749886965929e-01
-5.431003513076232414e-01
-5.521681086200556088e-01
-5.614173286206428637e-01
-5.707672420552839521e-01
-5.801332750789638393e-01
-5.894273802639286020e-01
-5.985584692620062874e-01
-6.074329628196830644e-01
-6.159554717359596587e-01
-6.240296193505505684e-01
-6.315590121818339675e-01
-6.384483603612446379e-01
-6.446047435435391382e-01
-6.499390110859241121e-01
-6.543672976395562557e-01
-6.578126271335194009e-01
-6.602065698027670404e-01
-6.614909088643428081e-01
-6.616192662126241242e-01
-6.605586306771237259e-01
-6.582907285804927566e-01
-6.548131751362442632e-01
-6.501403471329890715e-01
-6.443039227087704601e-01
-6.373530429541327536e-01
-6.293540624586460019e-01
-6.203898712993130005e-01
-6.105587886290178012e-01
-5.999730469604741545e-01
-5.887569052568180084e-01
-5.770444467308648573e-01
-5.649771325324675075e-01
-5.527011941200207223e-01
-5.403649541809876222e-01
-5.281161679558821209e-01
-5.160994736121174986e-01
-5.044540322152175627e-01
-4.933114255508088686e-01
-4.827938645680234231e-01
-4.730127437510519006e-01
-4.640675585641758083e-01
-4.560451854919711501e-01
-4.490195081895693718e-01
-4.430513597106127688e-01
-4.381887402532936848e-01
-4.344672626250445924e-01
-4.319107736688732047e-01
-4.305320989855133673e-01
-4.303338600226642163e-01
-4.313093164778462052e-01
-4.334431924239094402e-01
-4.367124510751258515e-01
-4.410869901771724555e-01
-4.465302372145753540e-01
-4.529996306652512850e-01
-4.604469801699580533e-01
-4.688187045904049222e-01
-4.780559524461963083e-01
-4.880946141514244108e-01
-4.988652398634619289e-01
-5.102928806813459284e-01
-5.222968744689208132e-01
-5.347906008004408296e-01
-5.476812324832321943e-01
-5.608695138183416029e-01
-5.742495981860086252e-01
-5.877089796053516224e-01
-6.011285544752634769e-01
-6.143828505538289075e-01
-6.273404601156148397e-01
-6.398647128283517782e-01
-6.518146208655490881e-01
-6.630461237602417457e-01
-6.734136531694425720e-01
-6.827720277857043385e-01
-6.909786759453727667e-01
-6.978961680627792097e-01
-7.033950231228888184e-01
-7.073567336412254214e-01
-7.096769326309845249e-01
-7.102686054306677210e-01
-7.090652302896863768e-01
-7.060237161797423555e-01
-7.011269963109215686e-01
-6.943861331351524058e-01
-6.858417967807963755e-01
-6.755649949134299170e-01
-6.636569582264905121e-01
-6.502481214504867157e-01
-6.354961832112462350e-01
-6.195832765432125466e-01
-6.027123318266559560e-01
-5.851027613181799536e-01
-5.669856351589961374e-01
-5.485985490624288863e-01
-5.301804009645547655e-01
-5.119662961813019608e-01
-4.941827879247595590e-01
-4.770436337419232120e-01
-4.607462111953182227e-01
-4.454686914915618190e-01
-4.313680218438868952e-01
-4.185787201758682241e-01
-4.072124429211722019e-01
-3.973582509298067555e-01
-3.890834716366684543e-01
-3.824350384201379849e-01
-3.774411802590804110e-01
-3.741133354011131895e-01
-3.724481702741664901e-01
-3.724295975266062597e-01
-3.740307030456698767e-01
-3.772155093961842010e-01
-3.819405209212188845e-01
-3.881560126626431018e-01
-3.958070405476298292e-01
-4.048341635271212047e-01
-4.151738794037763691e-01
-4.267587850313652731e-01
-4.395174786473399764e-01
-4.533742276618482059e-01
-4.682484296705450300e-01
-4.840538981994774725e-01
-5.006980081231495738e-01
-5.180807391716374388e-01
-5.360936597430645545e-01
-5.546188975626656914e-01
-5.735281486748223800e-01
-5.926817817938985211e-01
-6.119281010058404968e-01
-6.311028358757742041e-01
-6.500289336667278706e-01
-6.685167329057980501e-01
-6.863646000426270044e-01
-7.033601103418501976e-01
-7.192818492006431974e-01
-7.339018994754288316e-01
-7.469890628702180457e-01
-7.583128379178422085e-01
-7.676481429198951378e-01
-7.747807294009214640e-01
-7.795131810876292366e-01
-7.816713372000088089e-01
-7.811109202986337152e-01
-7.777240927622524058e-01
-7.714456180229913862e-01
-7.622582695573978384e-01
-7.501971189778532390e-01
-7.353523501991833244e-01
-7.178702934781144851e-01
-6.979524521158594341e-01
-6.758524030179975384e-01
-6.518705832680392609e-01
-6.263471177114070532e-01
-5.996529837323756329e-01
-5.721799341742221934e-01
-5.443296937557656756e-01
-5.165029973677437436e-01
-4.890890440030448705e-01
-4.624558972849796556e-01
-4.369422780021038344e-01
-4.128510761436594567e-01
-3.904447733849015778e-01
-3.699428267015426597e-01
-3.515209337137675805e-01
-3.353119916159389979e-01
-3.214084813827190468e-01
-3.098659603414524177e-01
-3.007073282322819119e-01
-2.939275405453455337e-01
-2.894984722850729164e-01
-2.873736786138208488e-01
-2.874928494877318497e-01
-2.897858077064176530e-01
-2.941759493202837361e-01
-3.005830690468162536e-01
-3.089255495409731211e-01
-3.191219214670175663e-01
-3.310918216044992368e-01
-3.447563895440451387e-01
-3.600381510815541253e-01
-3.768604395408268193e-01
-3.951464062921020148e-01
-4.148176699567320824e-01
-4.357926513409075553e-01
-4.579846390264293854e-01
-4.812996296249791306e-01
-5.056339877019351281e-01
-5.308719738988582071e-01
-5.568831963070420832e-01
-5.835200500054386064e-01
-6.106152230409663817e-01
-6.379793639391633242e-01
-6.653990257283196597e-01
-6.926350236807163885e-01
-7.194213672450937569e-01
-7.454649490538285406e-01
-7.704461927828306633e-01
-7.940208735627517500e-01
-8.158233253431359522e-01
-8.354712342237280431e-01
-8.525721801313052017e-01
-8.667320264763850313e-01
-8.775651648610033329e-01
-8.847064980663603695e-01
-8.878248914858339891e-01
-8.866376477151655111e-01
-8.809253737269814311e-01
-8.705464335199357695e-01
-8.554500351660805357e-01
-8.356869166832605611e-01
-8.114165964421705679e-01
-7.829102616856544739e-01
-7.505485930450525034e-01
-7.148141577660246382e-01
-6.762784252281041075e-01
-6.355839227806027170e-01
-5.934225020674844808e-01
-5.505110650741599221e-01
-5.075663501649282372e-01
-4.652804631396829094e-01
-4.242987433534639030e-01
-3.852012946747184752e-01
-3.484891251245116894e-01
-3.145753841655570815e-01
-2.837817254229443864e-01
-2.563394121353272936e-01
-2.323944651644851978e-01
-2.120159516022345203e-01
-1.952064286125708148e-01
-1.819135783619167113e-01
-1.720421712136257220e-01
-1.654656468235023437e-01
-1.620367783440488652e-01
-1.615970602769311593e-01
-1.639846187959685953e-01
-1.690405745769569812e-01
-1.766138882232539398e-01
-1.865647876653213078e-01
-1.987669187634648893e-01
-2.131083796157352828e-01
-2.294918010897057381e-01
-2.478336259239639072e-01
-2.680627207896470465e-01
-2.901184335518933732e-01
-3.139481843996502208e-01
-3.395046565837890884e-01
-3.667426317222752807e-01
-3.956154971048529423e-01
-4.260714390235214033e-01
-4.580493276262970759e-01
-4.914742958985652832e-01
-5.262530189573735306e-01
-5.622687108639901066e-01
-5.993758757146205873e-01
-6.373948790381255280e-01
-6.761064456627130514e-01
-7.152462421298690920e-01
-7.544997658119695361e-01
-7.934978385311408644e-01
-8.318130875291372961e-01
-8.689578866958113101e-01
-9.043843185929717476e-01
-9.374867918098790387e-01
-9.676079930795480344e-01
-9.940488496304166199e-01
-1.016083101354837925e+00
-1.032976910354851396e+00
-1.044013645962925008e+00
-1.048523563850352502e+00
-1.045917551918194910e+00
-1.035723471048706656e+00
-1.017622933903848725e+00
-9.914857311901861259e-01
-9.573986513286847355e-01
-9.156852779074370341e-01
-8.669136079099906134e-01
-8.118890841154977611e-01
-7.516318690667515012e-01
-6.873387954892911100e-01
-6.203321972782915861e-01
-5.519994724425490995e-01
-4.837284560827535551e-01
-4.168442455339037567e-01
-3.525529004932408950e-01
-2.918964748291113520e-01
-2.357223109792673243e-01
-1.846677318948932167e-01
-1.391595172779413747e-01
-9.942612153099805727e-02
-6.551965107351359618e-02
-3.734421913578802460e-02
-1.468738131429146200e-02
2.748200513355085559e-03
1.531506744919685151e-02
2.339473290387147908e-02
2.737573012852687060e-02
2.763620112657915948e-02
2.453087793650068904e-02
1.838203720404358449e-02
9.473861938297535243e-03
-1.950407074798781674e-03
-1.568913204701008479e-02
-3.158129537293379030e-02
-4.950433773223498340e-02
-6.937119404735270223e-02
-9.112681809540076894e-02
-1.147444072268340581e-01
-1.402214686301052615e-01
-1.675758085676402331e-01
-1.968414755374875702e-01
-2.280646463554078796e-01
-2.612994094788273491e-01
-2.966033713479733769e-01
-3.340329881884666618e-01
-3.736385070757826110e-01
-4.154583860832169462e-01
-4.595130546294566298e-01
-5.057978730868023520e-01
-5.542751576086155652e-01
-6.048651553765309608e-01
-6.574358916871408942e-01
-7.117918694609347563e-01
-7.676616911245788266e-01
-8.246848006605843606e-01
-8.823977185167525272e-01
-9.402203715910715243e-01
-9.974434090131218955e-01
-1.053217739744399584e+00
-1.106547916771937423e+00
-1.156291394565282848e+00
-1.201166047849005380e+00
-1.239768578044347702e+00
-1.270606435295409842e+00
-1.292145509085419919e+00
-1.302874940250028146e+00
-1.301388857263340304e+00
-1.286482591646171958e+00
-1.257258074273299275e+00
-1.213229954624890583e+00
-1.154421057489588343e+00
-1.081433845750810585e+00
-9.954844265667310843e-01
-8.983880062788012211e-01
-7.924898092315511011e-01
-6.805428702971290100e-01
-5.655425485408176467e-01
-4.505352607063645154e-01
-3.384238674846837824e-01
-2.317929663908938342e-01
-1.327737184395334502e-01
-4.296066028453527502e-02
3.661593033174868200e-02
1.054669916185617395e-01
1.635820766427915074e-01
2.113414548464009612e-01
2.494172643902106690e-01
2.786758550609531593e-01
3.000900232725416394e-01
3.146661743786844934e-01
3.233882624898551938e-01
3.271780096204561783e-01
3.268694530878133997e-01
3.231951842172084977e-01
3.167815140677199270e-01
3.081500214969351004e-01
2.977233322437925489e-01
2.858334233455640527e-01
2.727311715972742800e-01
2.585962311989538076e-01
2.435466220258001857e-01
2.276476381222572176e-01
2.109198549485544472e-01
1.933461347322081303e-01
1.748776128548438225e-01
1.554387039736363774e-01
1.349312022247092790e-01
1.132375714105366277e-01
9.022353316305341264e-02
6.574006722762530674e-02
3.962494093477215290e-02
1.170388672513588031e-02
-1.820845103920262428e-02
-5.030767439459769841e-02
-8.479876207827165280e-02
-1.218950267522017072e-01
-1.618167367607439844e-01
-2.047892162743963629e-01
-2.510402065354509493e-01
-3.007962316222130283e-01
-3.542776642212612237e-01
-4.116921304734801335e-01
-4.732258292096858665e-01
-5.390322726943717058e-01
-6.092178889144690412e-01
-6.838238690992355373e-01
-7.628036140402482124e-01
-8.459951526173747904e-01
-9.330880103965846217e-01
-1.023584243660491389e+00
-1.116753788998254837e+00
-1.211584990551421326e+00
-1.306732246935468522e+00
-1.400464255739606534e+00
-1.490618383048267992e+00
-1.574569228406941024e+00
-1.649222321790632995e+00
-1.711046663325761275e+00
-1.756161738117042681e+00
-1.780494537108035846e+00
-1.780018460335995201e+00
-1.751077155816554098e+00
-1.690781260997882507e+00
-1.597445047206167645e+00
-1.471006084416034421e+00
-1.313350487861491667e+00
-1.128458042225033431e+00
-9.222946068776983752e-01
-7.024183340031237011e-01
-4.773267717690999334e-01
-2.556381244415310006e-01
-4.524889040566941467e-02
1.473785209860467849e-01
3.176776698642660990e-01
4.631350200520620297e-01
5.831618652942388570e-01
6.787582655732398162e-01
7.520710097668866778e-01
8.059408610542755369e-01
8.435071790397589142e-01
8.679048567948336457e-01
8.820602994677487763e-01
8.885748871174273811e-01
8.896759890568002316e-01
8.872144717155652227e-01
8.826905731714776993e-01
8.772944536779958558e-01
8.719521013192607084e-01
8.673708454759972986e-01
8.640813272707837944e-01
8.624744969252917670e-01
8.628332557399497338e-01
8.653589410292730211e-01
8.701931336883103052e-01
8.774353711995767080e-01
8.871573538334226461e-01
8.994141877226725645e-01
9.142531435814483798e-01
9.317203390092440030e-01
9.518656826636594515e-01
9.747463528549766831e-01
1.000429021840913979e+00
1.028990979765402658e+00
1.060520257858113435e+00
1.095114798152451607e+00
1.132880665600810577e+00
1.173929247232227135e+00
1.218373331335693477e+00
1.266321907405252301e+00
1.317873475245466164e+00
1.373107600701050313e+00
1.432074408923433406e+00
1.494781669053356188e+00
1.561179104830916042e+00
1.631139576165736793e+00
1.704436834608670015e+00
1.780719684922809076e+00
1.859482616818976641e+00
1.940033343861049531e+00
2.021458244179105357e+00
2.102587483271491475e+00
2.181962644974124288e+00
2.257811005011814309e+00
2.328032096825007002e+00
2.390203790024945985e+00
2.441616436810869484e+00
2.479344273405513555e+00
2.500362541085957346e+00
2.501715940333726351e+00
2.480738324774006021e+00
2.435314612025289094e+00
2.364164169092759948e+00
2.267112105593777738e+00
2.145304141666514841e+00
2.001316314675760655e+00
1.839117035748321083e+00
1.663858245712907413e+00
1.481503010503816942e+00
1.298332245688621711e+00
1.120403065464971482e+00
9.530451456279901423e-01
8.004736900443690795e-01
6.655700224495780803e-01
5.498426535537431770e-01
4.535452426608346244e-01
3.759033540738052626e-01
3.153936210097492698e-01
2.700249688483490895e-01
2.375861597187789720e-01
2.158407185304103970e-01
2.026646156238857688e-01
1.961317484865890137e-01
1.945572037912861596e-01
1.965095735814278988e-01
2.008026478763235423e-01
2.064748182606386817e-01
2.127623250197460958e-01
2.190705134017980338e-01
2.249457096215935481e-01
2.300491988507102625e-01
2.341340230806968070e-01
2.370248304249829019e-01
2.386007178023734909e-01
2.387808504473076243e-01
2.375125663070734028e-01
2.347616482633933521e-01
2.305044509225923355e-01
2.247215881792181680e-01
2.173929149039056097e-01
2.084935663065797251e-01
1.979908491769578061e-01
1.858418089059163669e-01
1.719913242561030564e-01
1.563706080218361383e-01
1.388960160175540526e-01
1.194680894776974506e-01
9.797077731209812013e-02
7.427080525253118570e-02
4.821717939769670086e-02
1.964083280849721405e-02
-1.164555342719941940e-02
-4.584749772593476463e-02
-8.318834761703416958e-02
-1.239084697171052851e-01
-1.682638357989832967e-01
-2.165237887814916162e-01
-2.689677091016172694e-01
-3.258802249726722167e-01
-3.875445176156483984e-01
-4.542331635629391906e-01
-5.261958310243080028e-01
-6.036430093833784483e-01
-6.867248083103248968e-01
-7.755037316495091426e-01
-8.699202389766355070e-01
-9.697498997377103080e-01
-1.074551090680890608e+00
-1.183602588242326004e+00
-1.295831203442149526e+00
-1.409730977657034812e+00
-1.523277613545849896e+00
-1.633844963884879542e+00
-1.738134674961439918e+00
-1.832135409094948431e+00
-1.911133976207942675e+00
-1.969806041847371070e+00
-2.002416770743863150e+00
-2.003158691685966275e+00
-1.966641393981557462e+00
-1.888521948246956850e+00
-1.766225306859857458e+00
-1.599655040233066039e+00
-1.391749339747692771e+00
-1.148715764057480770e+00
-8.798030957110010153e-01
-5.965521518288549041e-01
-3.115980084495032498e-01
-3.723350233531361880e-02
2.159687068707728808e-01
4.401851319351358094e-01
6.308357259881788304e-01
7.865162570826512711e-01
9.084874847328048286e-01
9.999206239078952674e-01
1.065100707428034310e+00
1.108735239123528116e+00
1.135441806431696010e+00
1.149425074264924573e+00
1.154314480259002851e+00
1.153118538663665982e+00
1.148252471271455688e+00
1.141604628434197632e+00
1.134617815923925743e+00
1.128370977103041906e+00
1.123653568452365858e+00
1.121029458943001655e+00
1.120889801348374126e+00
1.123495659647926193e+00
1.129011723950104296e+00
1.137532552981473932e+00
1.149102677661894889e+00
1.163731707824178452e+00
1.181405376597692403e+00
1.202093265301241498e+00
1.225753787446623999e+00
1.252336875087710855e+00
1.281784701493403622e+00
1.314030687139805087e+00
1.348996967926463508e+00
1.386590453042796378e+00
1.426697564070386726e+00
1.469177727055607008e+00
1.513855687042013010e+00
1.560512732699620209e+00
1.608876961028466113e+00
1.658612783185453798e+00
1.709309977076368670e+00
1.760472734688026897e+00
1.811509334558653261e+00
1.861723290869170544e+00
1.910307082569822512e+00
1.956339831272573493e+00
1.998790544597039753e+00
2.036528724916859989e+00
2.068344196313935957e+00
2.092977842616257078e+00
2.109164485106587605e+00
2.115688274980966899e+00
2.111449680518367344e+00
2.095541426936409213e+00
2.067328717908141211e+00
2.026526986382289675e+00
1.973268682341445812e+00
1.908149698649296733e+00
1.832246456566568149e+00
1.747096765995591605e+00
1.654641374917993568e+00
1.557128224409861206e+00
1.456986980565122325e+00
1.356686276866144514e+00
1.258589124261058068e+00
1.164822341197113698e+00
1.077173465701584343e+00
9.970239908912111870e-01
9.253220109999366061e-01
8.625917665485665076e-01
8.089732290132664039e-01
7.642823911902043577e-01
7.280824031225048287e-01
6.997567439467945460e-01
6.785776415550957008e-01
6.637653200008167831e-01
6.545358774526738310e-01
6.501373800804305381e-01
6.498749911083427921e-01
6.531266667186220731e-01
6.593512436282650269e-01
6.680907429437652478e-01
6.789685380803502923e-01
6.916847728082659019e-01
7.060101319610707638e-01
7.217787999751122952e-01
7.388812102454092035e-01
7.572569976666082558e-01
7.768884166075191722e-01
7.977943721192820581e-01
8.200251271858893798e-01
8.436576870299254960e-01
8.687918172299754493e-01
8.955466208722522303e-01
9.240575771761742052e-01
9.544739267786613857e-01
9.869562745305927587e-01
1.021674267143227954e+00
1.058804188613377217e+00
1.098526299681374940e+00
1.141021727579723199e+00
1.186468688303757402e+00
1.235037795309936959e+00
1.286886176267175719e+00
1.342150084488947570e+00
1.400935656501259619e+00
1.463307436283564300e+00
1.529274267153164502e+00
1.598772154806105350e+00
1.671643745278558413e+00
1.747614161259104293e+00
1.826263128180236173e+00
1.906993634432486262e+00
1.988997851124108429e+00
2.071221732189453046e+00
2.152330665974826918e+00
2.230679774559719331e+00
2.304293931534941553e+00
2.370864186920989880e+00
2.427768819534291023e+00
2.472128284688824618e+00
2.500903297785185941e+00
2.511043433678196379e+00
2.499689122292937604e+00
2.464422188387057844e+00
2.403549141062038430e+00
2.316388395896074925e+00
2.203520121702213341e+00
2.066949488360595222e+00
1.910135406250137891e+00
1.737850948329001666e+00
1.555868794655947296e+00
1.370500553191881909e+00
1.188053284471668691e+00
1.014288695608435376e+00
8.539717783796740846e-01
7.105747024682473878e-01
5.861653303754127409e-01
4.814699371063705380e-01
3.960686621080780623e-01
3.286670261776626356e-01
2.773879002945055516e-01
2.400408016512187437e-01
2.143425718815462899e-01
1.980796457089938623e-01
1.892140061700912368e-01
1.859417472425672346e-01
1.867157163977722911e-01
1.902434055977074989e-01
1.954694684511061042e-01
2.015499706729872165e-01
2.078233276382067396e-01
2.137811176844071626e-01
2.190406455521886064e-01
2.233202215838232252e-01
2.264175332449325229e-01
2.281911276673047606e-01
2.285448227195326920e-01
2.274147635492047570e-01
2.247588025408784052e-01
2.205478774886679705e-01
2.147590793391436770e-01
2.073701273647157173e-01
1.983550003934280992e-01
1.876805045483077861e-01
1.753035891160202586e-01
1.611692518161988719e-01
1.452089025411425205e-01
1.273390805647560964e-01
1.074604444846620349e-01
8.545697713834309039e-02
6.119536994876630803e-02
3.452457327781273400e-02
5.275522217646275505e-03
-2.673892818659321172e-02
-6.172379685432601015e-02
-9.990140663701133072e-02
-1.415103197952357894e-01
-1.868036034414804758e-01
-2.360461949110117530e-01
-2.895110710200664572e-01
-3.474738457370117883e-01
-4.102053264415600475e-01
-4.779614491988043445e-01
-5.509698897853136934e-01
-6.294125144191357046e-01
-7.134027026772480351e-01
-8.029564640556124955e-01
-8.979562111990037065e-01
-9.981060978140732232e-01
-1.102878053823205695e+00
-1.211448162695026864e+00
-1.322623971186219327e+00
-1.434764879933848603e+00
-1.545700133077923644e+00
-1.652652281102085396e+00
-1.752178399506754358e+00
-1.840146621239831193e+00
-1.911771037424127018e+00
-1.961732382242390216e+00
-1.984412866431068512e+00
-1.974267872677193392e+00
-1.926341397300495695e+00
-1.836903492173741048e+00
-1.704147153299023554e+00
-1.528835749672974975e+00
-1.314754552743906402e+00
-1.068811573520631608e+00
-8.006727980398661293e-01
-5.219106799272625885e-01
-2.447735705242598259e-01
1.919610574702127620e-02
2.604077449685619494e-01
4.720788222408297541e-01
6.505644500377166795e-01
7.951738485412342961e-01
9.076109424636918943e-01
9.912328213685787093e-01
1.050306276182188636e+00
1.089384897778306716e+00
1.112861030770629700e+00
1.124692546660267078e+00
1.128273126468377630e+00
1.126404148224480872e+00
1.121329001354528954e+00
1.114799402545278761e+00
1.108153066666788700e+00
1.102390360368147748e+00
1.098243552417417668e+00
1.096236125802995343e+00
1.096731834245809445e+00
1.099974301905886742e+00
1.106118409634704536e+00
1.115254785251101222e+00
1.127428609477200361e+00
1.142653773535337702e+00
1.160923236820160076e+00
1.182216260086292658e+00
1.206503040639334001e+00
1.233747152047842466e+00
1.263906089411347189e+00
1.296930138921932096e+00
1.332759724520093281e+00
1.371321333074420057e+00
1.412522082141623114e+00
1.456242971700089539e+00
1.502330855291622358e+00
1.550589180014831925e+00
1.600767583259788074e+00
1.652550502468351334e+00
1.705545058726556817e+00
1.759268621770059937e+00
1.813136657844259148e+00
1.866451704401163925e+00
1.918394602368591384e+00
1.968019433408005447e+00
2.014253927554232160e+00
2.055907378221749404e+00
2.091688256382973066e+00
2.120233660154958955e+00
2.140152358753155237e+00
2.150082376818609475e+00
2.148762727414876395e+00
2.135117015903326809e+00
2.108344293484207821e+00
2.068009989892176215e+00
