-3.019896551674323693e+00
-3.023410225655423389e+00
-3.026705972005787171e+00
-3.029799216894374148e+00
-3.032692671709841470e+00
-3.035379324103072651e+00
-3.037843762081694265e+00
-3.040062374723645711e+00
-3.042002727827294972e+00
-3.043622258112519408e+00
-3.044866327871837086e+00
-3.045665610248598387e+00
-3.045932719356991836e+00
-3.045557950278095838e+00
-3.044403945749757590e+00
-3.042299055241442396e+00
-3.039029095489063526e+00
-3.034327157931099084e+00
-3.027861037455061410e+00
-3.019217779648505129e+00
-3.007884764053219584e+00
-2.993226666426344273e+00
-2.974457587731103914e+00
-2.950607625433768977e+00
-2.920483232779396143e+00
-2.882620925898310649e+00
-2.835234351802050412e+00
-2.776155564040209800e+00
-2.702772770814439784e+00
-2.611969104032175526e+00
-2.500070473091428269e+00
-2.362815747335207828e+00
-2.195369783573055233e+00
-1.992409418863236192e+00
-1.748324158964165154e+00
-1.457585346431667706e+00
-1.115346229677420586e+00
-7.183330384541583014e-01
-2.660614665106466603e-01
2.376531769249170534e-01
7.830476409043798380e-01
1.352966000348302389e+00
1.922178979498998075e+00
2.458186442777729130e+00
2.924157417072225318e+00
3.284193380158097142e+00
3.510180501149899435e+00
3.588406062525973717e+00
3.523505893971537350e+00
3.337862443518877065e+00
3.066340897776094643e+00
2.748313479690200456e+00
2.419950507121535477e+00
2.109145046931804046e+00
1.833810028782841162e+00
1.602819610559012897e+00
1.418268051661114582e+00
1.277908019502706605e+00
1.177139124696845451e+00
1.110366824588558732e+00
1.071805874596847286e+00
1.055889250756789410e+00
1.057437598918772093e+00
1.071704944665767156e+00
1.094374788814171273e+00
1.121548003619477596e+00
1.149741466857456818e+00
1.175902100711737175e+00
1.197432549489203968e+00
1.212220377970460783e+00
1.218661295836551473e+00
1.215667797388328975e+00
1.202657148614299842e+00
1.179516201165073275e+00
1.146544327348573589e+00
1.104379116673257499e+00
1.053911762417259812e+00
9.961999779634385099e-01
9.323858253698036336e-01
8.636243073905938150e-01
7.910264353276273974e-01
7.156182344603536638e-01
6.383151905646649027e-01
5.599102199119722068e-01
4.810724374789701607e-01
4.023537468708003328e-01
3.242004453634182992e-01
2.469674685218449517e-01
1.709334455150700038e-01
9.631528832972814647e-02
2.328152605003475789e-02
-4.803601441413784395e-02
-1.175322944303625605e-01
-1.851208400126286568e-01
-2.507270200344586253e-01
-3.142825843140306108e-01
-3.757212060974240431e-01
-4.349747849352996187e-01
-4.919702909961097270e-01
-5.466269625561485102e-01
-5.988536997224329639e-01
-6.485465265873767704e-01
-6.955860198213685841e-01
-7.398346241462528949e-01
-7.811337949241028422e-01
-8.193009264793180702e-01
-8.541260433561129739e-01
-8.853682524148958066e-01
-9.127519787118784089e-01
-9.359630400445806409e-01
-9.546446568170529057e-01
-9.683935488184949314e-01
-9.767563423200015249e-01
-9.792266035019622228e-01
-9.752429314484117873e-01
-9.641886888780141218e-01
-9.453941227451908569e-01
-9.181418277430389852e-01
-8.816767256338915448e-01
-8.352219550830397576e-01
-7.780022596026529014e-01
-7.092765760626422722e-01
-6.283814901275798226e-01
-5.347869381444405601e-01
-4.281648719965784888e-01
-3.084704234943510537e-01
-1.760332771418281761e-01
-3.165440991906079415e-02
1.232998636561022238e-01
2.868182230851451520e-01
4.561941712587493369e-01
6.280227983227785193e-01
7.982618553174238851e-01
9.623707400390663080e-01
1.115532545355329086e+00
1.252951206999052491e+00
1.370199615085291978e+00
1.463578736160433769e+00
1.530437050998397774e+00
1.569398572175553674e+00
1.580458924052644099e+00
1.564931262794746702e+00
1.525251916160802024e+00
1.464681721675671344e+00
1.386955736047752685e+00
1.295937219505310489e+00
1.195322239844211820e+00
1.088423507906618459e+00
9.780423641331967843e-01
8.664214805695767962e-01
7.552606835751400904e-01
6.457746148214783544e-01
5.387722479466598990e-01
4.347424285308220671e-01
3.339346743301739862e-01
2.364291503905611436e-01
1.421933718090686305e-01
5.112563924165695189e-02
-3.691337687150360314e-02
-1.220788572763615298e-01
-2.045276978436070814e-01
-2.844100323711925560e-01
-3.618647448536562172e-01
-4.370176522127471874e-01
-5.099813674874780212e-01
-5.808561341776607989e-01
-6.497311466916649847e-01
-7.166860420368236229e-01
-7.817923713822225729e-01
-8.451149459380672413e-01
-9.067130085382174576e-01
-9.666412180761558837e-01
-1.024950454795498400e+00
-1.081688465218979323e+00
-1.136900369802132049e+00
-1.190629056773074845e+00
-1.242915483814373445e+00
-1.293798906400430715e+00
-1.343317048434113481e+00
-1.391506227739062851e+00
-1.438401446169227826e+00
-1.484036451677455570e+00
-1.528443777647076951e+00
-1.571654763098697449e+00
-1.613699555982825329e+00
-1.654607100594202906e+00
-1.694405109132521403e+00
-1.733120016526702001e+00
-1.770776916780716359e+00
-1.807399478236386026e+00
-1.843009834233682476e+00
-1.877628444633322458e+00
-1.911273922499994393e+00
-1.943962818873719689e+00
-1.975709356921791615e+00
-2.006525104795878978e+00
-2.036418574138121773e+00
-2.065394728291840121e+00
-2.093454380764560696e+00
-2.120593460230097982e+00
-2.146802113184401950e+00
-2.172063609100701509e+00
-2.196353005345921705e+00
-2.219635519972266824e+00
-2.241864549502510240e+00
-2.262979255674003376e+00
-2.282901629466711046e+00
-2.301532922291885885e+00
-2.318749312682259589e+00
-2.334396652035507724e+00
-2.348284104973942465e+00
-2.360176469140196964e+00
-2.369784926851838502e+00
-2.376755949144904179e+00
-2.380658045158652758e+00
-2.380966032891719042e+00
-2.377042511221032495e+00
-2.368116253403743876e+00
-2.353257342740895819e+00
-2.331349066498148215e+00
-2.301056924525856306e+00
-2.260795663946525647e+00
-2.208696114419876455e+00
-2.142574889760765711e+00
-2.059911883817595601e+00
-1.957843071222359788e+00
-1.833179543878575624e+00
-1.682467975222405210e+00
-1.502112550581586881e+00
-1.288583083472734758e+00
-1.038736975449128686e+00
-7.502810674118201018e-01
-4.223889438989120726e-01
-5.646419565370906085e-02
3.430052526930582601e-01
7.676249438196781627e-01
1.204511650570747383e+00
1.636236588769640621e+00
2.041605144889867773e+00
2.397497346045995847e+00
2.681746918513758793e+00
2.876647567545406847e+00
2.972269995864793568e+00
2.968576152167577309e+00
2.875533061741912366e+00
2.711066268824553926e+00
2.497478891530161338e+00
2.257478678030281571e+00
2.010935649846902873e+00
1.773014147242045535e+00
1.553714636456283049e+00
1.358436296278435318e+00
1.189043721429853040e+00
1.045014854915784719e+00
9.244236073828638878e-01
8.246671834546436264e-01
7.429458491638668560e-01
6.765459030435225785e-01
6.229846486975366693e-01
5.800676394970021299e-01
5.458951532559687125e-01
5.188424850809989497e-01
4.975291562955982405e-01
4.807856080470656601e-01
4.676217867637682546e-01
4.571995403491951326e-01
4.488093492778116311e-01
4.418511966685073067e-01
4.358190572894862780e-01
4.302883821598315617e-01
4.249059676447413669e-01
4.193816647833754629e-01
4.134814721624217593e-01
4.070216459460621050e-01
3.998635446955703387e-01
3.919090003144396483e-01
3.830960684333698518e-01
3.733950617709583808e-01
3.628048091413998422e-01
3.513491118649553768e-01
3.390733895979292090e-01
3.260415203622440417e-01
3.123328861807639356e-01
2.980396375541485288e-01
2.832641883192891230e-01
2.681169483643077167e-01
2.527142962451012775e-01
2.371767877819291048e-01
2.216275908537568284e-01
2.061911313124659140e-01
1.909919305009049328e-01
1.761536114275193132e-01
1.617980482620143823e-01
1.480446324252163437e-01
1.350096280539113958e-01
1.228055899045184113e-01
1.115408176909096494e-01
1.013188223175211233e-01
9.223778137932565901e-02
8.438996359617650933e-02
7.786110450417145501e-02
7.272971874602027209e-02
6.906633771769220276e-02
6.693266519136920056e-02
6.638064790677430937e-02
6.745146306503219114e-02
7.017443021774902312e-02
7.456586123573837044e-02
8.062786883759927303e-02
8.834716146570083251e-02
9.769385994344349788e-02
1.086203790653721829e-01
1.210604246874816131e-01
1.349281635161436732e-01
1.501176280547275310e-01
1.665024223882465293e-01
1.839357949521796265e-01
2.022511414329073998e-01
2.212629938537684637e-01
2.407685402479824432e-01
2.605497029039728907e-01
2.803757821407842910e-01
3.000066475151796364e-01
3.191964303416155446e-01
3.376976419661349982e-01
3.552656133401236871e-01
3.716631253477192254e-01
3.866650784102685923e-01
4.000630363398022249e-01
4.116694750496050492e-01
4.213215726982311171e-01
4.288843944208581282e-01
4.342533512852940203e-01
4.373558478199313093e-01
4.381520728757926642e-01
4.366349315911294271e-01
4.328291584567360295e-01
4.267896896844195487e-01
4.185994044865995467e-01
4.083663674691692114e-01
3.962207170456141236e-01
3.823113475021772123e-01
3.668025258863164551e-01
3.498705707757052696e-01
3.317007002034363938e-01
3.124841327563577797e-01
2.924155012635710205e-01
2.716906144302200232e-01
2.505045797335533342e-01
2.290502819107944066e-01
2.075171959985774028e-01
1.860905022875861403e-01
1.649504625598805785e-01
1.442720121727086580e-01
1.242245203961237221e-01
1.049716713045029809e-01
8.667141888197370247e-02
6.947597231176094734e-02
5.353177025886340229e-02
3.897940601549546025e-02
2.595346846652593284e-02
1.458226686620597845e-02
4.987410418418968157e-03
-2.716783269026955619e-03
-8.424073442813666615e-03
-1.203729390548435169e-02
-1.346957722351454882e-02
-1.264581370394608599e-02
-9.504346131305168449e-03
-3.998892204842396936e-03
3.899324476254808179e-03
1.419926732713156989e-02
2.688765154944563335e-02
4.192644625188288870e-02
5.925039849662783881e-02
7.876468369466581299e-02
1.003428061996976400e-01
1.238248913805394813e-01
1.490165239232968120e-01
1.756882943580927448e-01
2.035762143933309842e-01
2.323831492184103842e-01
2.617813895316475348e-01
2.914164464474452987e-01
3.209120985706770401e-01
3.498766538446806407e-01
3.779103124928497315e-01
4.046134365123996712e-01
4.295954523815457282e-01
4.524840446375413272e-01
4.729342467746488476e-01
4.906370097301050448e-01
5.053268324109361220e-01
5.167880756985501201e-01
5.248596499898364742e-01
5.294378616455850395e-01
5.304773173907177952e-01
5.279899070173164066e-01
5.220420019653730925e-01
5.127501093968908075e-01
5.002752992475377747e-01
4.848167696809478344e-01
4.666049324199521009e-01
4.458943853458870454e-01
4.229571003972037446e-01
3.980760970983329705e-01
3.715398038481080856e-01
3.436372380160299667e-01
3.146540684516747066e-01
2.848695650612713681e-01
2.545543926226532805e-01
2.239691711804613627e-01
1.933637028779574274e-01
1.629767535455841632e-01
1.330362747332042295e-01
1.037599558344643458e-01
7.535600424425965838e-02
4.802406210446315271e-02
2.195617949103283520e-02
-2.662225347437702141e-03
-2.565147869813939885e-02
-4.683688948110183159e-02
-6.604815962875136559e-02
-8.311901004246445568e-02
-9.788706352678099021e-02
-1.101940255279532793e-01
-1.198862037461673330e-01
-1.268154081419071710e-01
-1.308402728061789089e-01
-1.318280397968437656e-01
-1.296568414383441614e-01
-1.242185107194403310e-01
-1.154219382061311833e-01
-1.031969771891787929e-01
-8.749887553704072118e-02
-6.831318203832953406e-02
-4.566103636873605764e-02
-1.960470527625583770e-02
9.746825912246792623e-03
4.223245568761967161e-02
7.763407148228622379e-02
1.156725220011954186e-01
1.560048660482150074e-01
1.982233327352553864e-01
2.418564251163836665e-01
2.863725589111558723e-01
3.311865425802433260e-01
3.756690704953701276e-01
4.191592185082377853e-01
4.609797090237306993e-01
5.004544667440986583e-01
5.369277401560024199e-01
5.697838468157406799e-01
5.984664438358279215e-01
6.224961570661280419e-01
6.414854432437080423e-01
6.551497154682933699e-01
6.633140240094055340e-01
6.659149255139178436e-01
6.629975548690263398e-01
6.547082890586494175e-01
6.412837160318841656e-01
6.230368572701895369e-01
6.003417183537325119e-01
5.736172526438706454e-01
5.433117309505585135e-01
5.098883390909875191e-01
4.738126068518396239e-01
4.355420382199137741e-01
3.955180918331451800e-01
3.541604729238984062e-01
3.118635553093602186e-01
2.689946576838557202e-01
2.258938494547436393e-01
1.828749501669895972e-01
1.402274036063387019e-01
9.821874312489167758e-02
5.709740979100626918e-02
1.709573255969860234e-02
-2.156707531250751791e-02
-5.868201017094561850e-02
-9.404753704817528370e-02
-1.274670651475438288e-01
-1.587466750965100815e-01
-1.876931245890506028e-01
-2.141121564486847262e-01
-2.378071357395106777e-01
-2.585780493892240184e-01
-2.762209119903040189e-01
-2.905276341874880597e-01
-3.012864245088872628e-01
-3.082828107319830480e-01
-3.113013817771080327e-01
-3.101283642609012348e-01
-3.045551573581270488e-01
-2.943829531039312553e-01
-2.794285636828559571e-01
-2.595315589060028794e-01
-2.345627817090038814e-01
-2.044342525044826886e-01
-1.691103900974982865e-01
-1.286203639710130908e-01
-8.307124833376382245e-02
-3.266147397480211739e-02
2.230612375221137020e-02
8.141257032347617995e-02
1.441134368946762889e-01
2.097332059590563402e-01
2.774646555052854291e-01
3.463745548382117234e-01
4.154167598072183165e-01
4.834533997776740422e-01
5.492842560457846801e-01
6.116836669407840210e-01
6.694434240135864744e-01
7.214192521547305725e-01
7.665777299888570928e-01
8.040400497624510257e-01
8.331189605448813262e-01
8.533456525147216087e-01
8.644842105690533351e-01
8.665324901561836102e-01
8.597096687501692980e-01
8.444320833354744815e-01
8.212800650071530040e-01
7.909591675431434377e-01
7.542593851032373120e-01
7.120156877883324631e-01
6.650725752123273216e-01
6.142545072919237681e-01
5.603431768290850767e-01
5.040617748212947724e-01
4.460657572814777927e-01
3.869391924409456007e-01
3.271955469537595751e-01
2.672817264399037218e-01
2.075842715533240679e-01
1.484367754904666603e-01
9.012778850336410075e-02
3.290867626492231107e-02
-2.299891983969541004e-02
-7.739622269172860558e-02
-1.301011472534819302e-01
-1.809428226467953149e-01
-2.297567627628734621e-01
-2.763806108242941040e-01
-3.206503721507337756e-01
-3.623970509640391247e-01
-4.014436175058967438e-01
-4.376022482215972675e-01
-4.706718024827686864e-01
-5.004355233301247541e-01
-5.266589767358546004e-01
-5.490882741233527042e-01
-5.674486568545125120e-01
-5.814435597380626097e-01
-5.907543138813201589e-01
-5.950406976346787058e-01
-5.939425975689185400e-01
-5.870830979684747986e-01
-5.740733742934830408e-01
-5.545198184125492702e-01
-5.280338632707138879e-01
-4.942449906299090645e-01
-4.528173820638680680e-01
-4.034705905984318774e-01
-3.460044444934208818e-01
-2.803281198057913093e-01
-2.064929102742683320e-01
-1.247276652125799690e-01
-3.547515886972296001e-02
6.057317282543991238e-02
1.624475692778110381e-01
2.688796001134910463e-01
3.782959307530828763e-01
4.888310597932751245e-01
5.983632375744475373e-01
7.045762083796131003e-01
8.050468658537140998e-01
8.973555111376196880e-01
9.792115636132546763e-01
1.048583967342466394e+00
1.103822998598759764e+00
1.143759511516075689e+00
1.167769365773350554e+00
1.175794845320245807e+00
1.168320664749203042e+00
1.146308524482161584e+00
1.111099766125309030e+00
1.064299336523617523e+00
1.007655366618856352e+00
9.429472623897040551e-01
8.718919338528705598e-01
7.960736220236485083e-01
7.168986939101686939e-01
6.355734851567002019e-01
5.531011395109495243e-01
4.702924425764872796e-01
3.877856571997344570e-01
3.060710163884858837e-01
2.255164956929948394e-01
1.463925156988851728e-01
6.889415103791649009e-02
-6.839837715447555887e-03
-8.071129943746245539e-02
-1.526501205445268128e-01
-2.226043987168108695e-01
-2.905328940352713274e-01
-3.563992820070014944e-01
-4.201677692820007248e-01
-4.817996906366217580e-01
-5.412507700861376447e-01
-5.984687906878063401e-01
-6.533914718915722064e-01
-7.059443983034514591e-01
-7.560388794218872999e-01
-8.035696473521245498e-01
-8.484123203346309872e-01
-8.904205760469890985e-01
-9.294229920807256518e-01
-9.652195238634994068e-01
-9.975776048222685377e-01
-1.026227872205572655e+00
-1.050859547477558165e+00
-1.071115535806682617e+00
-1.086587358739024678e+00
-1.096810102198320092e+00
-1.101257653715026930e+00
-1.099338624021643618e+00
-1.090393504753250253e+00
-1.073693811128896947e+00
-1.048444199101338015e+00
-1.013788828816395204e+00
-9.688235601967861710e-01
-9.126158882595893918e-01
-8.442348109285876534e-01
-7.627929971219189476e-01
-6.675035767511776630e-01
-5.577534525018034151e-01
-4.331940398042999352e-01
-2.938485560453666934e-01
-1.402322022044763250e-01
2.652229027002511036e-02
2.045461128903205417e-01
3.911404999468860999e-01
5.827299070386513513e-01
7.748871663833355461e-01
9.624538007352111402e-01
1.139770676819984008e+00
1.301018845132639656e+00
1.440648701756291006e+00
1.553851341471195413e+00
1.637005742509818562e+00
1.688026993433063616e+00
1.706550051275840696e+00
1.693911251947653129e+00
1.652929842932166826e+00
1.587532588501658681e+00
1.502293440669278501e+00
1.401969185587318867e+00
1.291100335889856732e+00
1.173720920458797057e+00
1.053191173420501503e+00
9.321422818308111591e-01
8.125071645114521068e-01
6.956061868659003666e-01
5.822592723604450571e-01
4.729025392533244276e-01
3.676953106395683402e-01
2.666101585002963459e-01
1.695036891496118359e-01
7.616897581546844265e-02
-1.362778211103245034e-02
-1.001231942191681407e-01
-1.835420880207764283e-01
-2.640896686839446783e-01
-3.419482305436586933e-01
-4.172767462068693312e-01
-4.902121213193208482e-01
-5.608712788638627877e-01
-6.293535249230487461e-01
-6.957428580508832061e-01
-7.601100308575268194e-01
-8.225142695455575081e-01
-8.830046178089037134e-01
-9.416209062899099091e-01
-9.983943658971038415e-01
-1.053347908803993871e+00
-1.106496099204788530e+00
-1.157844829842617163e+00
-1.207390711859879451e+00
-1.255120175812945771e+00
-1.301008271394041405e+00
-1.345017142825518208e+00
-1.387094146150285923e+00
-1.427169563757233917e+00
-1.465153860463935809e+00
-1.500934414411625673e+00
-1.534371645139731122e+00
-1.565294450974116236e+00
-1.593494859126838969e+00
-1.618721786039457156e+00
-1.640673804634460664e+00
-1.658990822451389402e+00
-1.673244594765345594e+00
-1.682928036303301900e+00
-1.687443363263271934e+00
-1.686089206504445936e+00
-1.678047003625868561e+00
-1.662367223600257127e+00
-1.637956329189792948e+00
-1.603565870525776038e+00
-1.557785760979760292e+00
-1.499044643062955373e+00
-1.425621321970762079e+00
-1.335672507663701492e+00
-1.227283477852816773e+00
-1.098549557984956238e+00
-9.476971438421736282e-01
-7.732527643099279535e-01
-5.742665056273509316e-01
-3.505908297659728889e-01
-1.032061395806338350e-01
1.654306057594424617e-01
4.510582389702937900e-01
7.473719754511063407e-01
1.045959965111110224e+00
1.336511328695488832e+00
1.607373843495770060e+00
1.846486185757461040e+00
2.042619369888507119e+00
2.186751634958295387e+00
2.273307993935310911e+00
2.300967754797987652e+00
2.272814414032219066e+00
2.195765660620366155e+00
2.079420896953469544e+00
1.934617978783409464e+00
1.772037347536087770e+00
1.601122521103987228e+00
1.429447233069411238e+00
1.262518342878168109e+00
1.103909501038841112e+00
9.555878320444598506e-01
8.183105869510751695e-01
6.920062236616195683e-01
5.760940225709415552e-01
4.697269981413298989e-01
3.719617233891586716e-01
2.818676169872817994e-01
1.985905993405784331e-01
1.213848378479879669e-01
4.962368006809008553e-02
-1.720197168621140707e-02
-7.949209015896456509e-02
-1.375489702376155865e-01
-1.915893480754803369e-01
-2.417558493280379806e-01
-2.881270896152069438e-01
-3.307261740387025251e-01
-3.695275996447298095e-01
-4.044627120011924371e-01
-4.354239454335358528e-01
-4.622681143614115751e-01
-4.848190398117685485e-01
-5.028698031397462742e-01
-5.161849261443074433e-01
-5.245027876152696944e-01
-5.275386028455936183e-01
-5.249883146525411437e-01
-5.165337698913330389e-01
-5.018495801817733915e-01
-4.806120831380158998e-01
-4.525108216333160183e-01
-4.172629313622912006e-01
-3.746307558844474972e-01
-3.244428754417134075e-01
-2.666185217096034843e-01
-2.011950369835309449e-01
-1.283576102809226849e-01
-4.846998335757531778e-02
3.789581450831743664e-02
1.299333250870658707e-01
2.265823780880031058e-01
3.265204102766702254e-01
4.281682845912483937e-01
5.297141586262467117e-01
6.291579446959670863e-01
7.243771548747734990e-01
8.132124847633787068e-01
8.935685932727152059e-01
9.635226134879394388e-01
1.021430563912285594e+00
1.066020637707880914e+00
1.096462813203537445e+00
1.112406524511883044e+00
1.113982003320925340e+00
1.101765679509842277e+00
1.076714767849929810e+00
1.040079914956050233e+00
9.933068351715240718e-01
9.379379676877761529e-01
8.755235567394024088e-01
8.075487673212232709e-01
7.353802260871629137e-01
6.602323842779572738e-01
5.831517914598938201e-01
5.050159410669831095e-01
4.265427703559521722e-01
3.483069909723600643e-01
2.707599556637817484e-01
1.942505056785157058e-01
1.190450157703694944e-01
4.534554574274460292e-02
-2.669443763323981270e-02
-9.695690078427202097e-02
-1.653485129437954060e-01
-2.317920603689987424e-01
-2.962196517920382410e-01
-3.585673497903653084e-01
-4.187708852595766196e-01
-4.767621525705362795e-01
-5.324662299487886719e-01
-5.857987160575474084e-01
-6.366632158520744156e-01
-6.849488449379316224e-01
-7.305276518585525070e-01
-7.732518828647523268e-01
-8.129510352678518403e-01
-8.494286652966008822e-01
-8.824589365680638453e-01
-9.117829181777697967e-01
-9.371046696107160345e-01
-9.580871860871711387e-01
-9.743483258738221409e-01
-9.854569041910745675e-01
-9.909292206380624357e-01
-9.902263926619173651e-01
-9.827530003102072920e-01
-9.678577099787659677e-01
-9.448367372851897983e-01
-9.129412272346484336e-01
-8.713898617216525588e-01
-8.193882269314305411e-01
-7.561566468123801510e-01
-6.809682521202212735e-01
-5.931989195953011329e-01
-4.923902661056250851e-01
-3.783259777774957144e-01
-2.511202470438027579e-01
-1.113148626029992483e-01
4.002148139819776407e-02
2.012016758289155993e-01
3.698502785074608279e-01
5.428721618349171552e-01
7.164781398338303520e-01
8.862842897788100194e-01
1.047495555942082435e+00
1.195173050605837117e+00
1.324568989446148981e+00
1.431496007234830170e+00
1.512683056138836024e+00
1.566063327032651165e+00
1.590944711625893682e+00
1.588031151224583049e+00
1.559290357895258827e+00
1.507692668147275983e+00
1.436868792498170899e+00
1.350744654031100778e+00
1.253207604935524300e+00
1.147843145305905477e+00
1.037760915823310093e+00
9.255095017056996776e-01
8.130657885779829508e-01
7.018777515456546823e-01
5.929387923243011338e-01
4.868749982206698190e-01
3.840317686623476723e-01
2.845514415126466634e-01
1.884378721657002098e-01
9.560701329661283610e-02
5.924456318857142766e-03
-8.076813327046253321e-02
-1.646354373828847195e-01
-2.458375952780438023e-01
-3.245241188594369941e-01
-4.008310903294907135e-01
-4.748804768536088461e-01
-5.467807124310815059e-01
-6.166279552986342338e-01
-6.845076287969037443e-01
-7.504960008886618628e-01
-8.146616615214061774e-01
-8.770668272645423258e-01
-9.377684477190584289e-01
-9.968191152662677634e-01
-1.054267794438048744e+00
-1.110160393799748402e+00
-1.164540204803558687e+00
-1.217448230721534186e+00
-1.268923425917729331e+00
-1.319002862262682596e+00
-1.367721835959474719e+00
-1.415113924720097893e+00
-1.461211002224166888e+00
-1.506043214129409114e+00
-1.549638917546794614e+00
-1.592024583772844615e+00
-1.633224662102394920e+00
-1.673261400635408513e+00
-1.712154618047473154e+00
-1.749921418220190983e+00
-1.786575837327043281e+00
-1.822128410339908688e+00
-1.856585640850707764e+00
-1.889949354469817822e+00
-1.922215911731255167e+00
-1.953375251249327649e+00
-1.983409727656699983e+00
-2.012292701411037665e+00
-2.039986828665356189e+00
-2.066441988815273856e+00
-2.091592774812732536e+00
-2.115355456624256725e+00
-2.137624311100869701e+00
-2.158267191888875836e+00
-2.177120190880597494e+00
-2.193981218402367706e+00
-2.208602303657813959e+00
-2.220680391439221690e+00
-2.229846388515622557e+00
-2.235652197915518169e+00
-2.237555478712722312e+00
-2.234901893938443074e+00
-2.226904676462497790e+00
-2.212621476425737921e+00
-2.190928688870425578e+00
-2.160493845115234901e+00
-2.119747251615632155e+00
-2.066854960203159397e+00
-1.999696456746712592e+00
-1.915852275016961981e+00
-1.812609181535256742e+00
-1.686993681622518615e+00
-1.535848271964544320e+00
-1.355968734351745031e+00
-1.144323960368695658e+00
-8.983806849322421018e-01
-6.165514195981600665e-01
-2.987710148936785770e-01
5.281885888035581927e-02
4.331411517431064118e-01
8.335345130154047100e-01
1.241375233959414182e+00
1.640213113913826737e+00
2.010661527405334326e+00
2.332179335511248119e+00
2.585654398584228630e+00
2.756378124076607428e+00
2.836704535630413471e+00
2.827589874107553580e+00
2.738442300623332493e+00
2.585244069854765403e+00
2.387508528260396279e+00
2.164994078391921484e+00
1.935045677966563238e+00
1.711051628413827519e+00
1.502037215028260153e+00
1.313092796803595697e+00
1.146231739505472413e+00
1.001339232644314903e+00
8.770056812434878779e-01
7.711610018213100881e-01
6.815066071271217440e-01
6.057804523375490691e-01
5.419006751683587142e-01
4.880289251018881114e-01
4.425849158336663813e-01
4.042340521457555291e-01
3.718621476112208835e-01
3.445456202335777096e-01
3.215218153165825821e-01
3.021617712032030889e-01
2.859463667143986587e-01
2.724460262787162246e-01
2.613037710919879908e-01
2.522212358968827228e-01
2.449472234253458058e-01
2.392683834543408439e-01
2.350016467797524378e-01
2.319880973765484911e-01
2.300880187601842264e-01
2.291768984574938384e-01
2.291422157735556464e-01
2.298808724567925899e-01
2.312971539038026769e-01
2.333011309946846912e-01
2.358074303672929306e-01
2.387343147428364343e-01
2.420030255354933268e-01
2.455373480441714051e-01
2.492633655669484749e-01
2.531093732436153210e-01
2.570059256915101509e-01
2.608859948657539785e-01
2.646852163075572584e-01
2.683422032609015795e-01
2.717989092188115574e-01
2.750010204521765589e-01
2.778983610922267644e-01
2.804452944682422344e-01
2.826011057025382134e-01
2.843303520657801120e-01
2.856031693025739004e-01
2.863955240324298490e-01
2.866894043774265710e-01
2.864729431123320125e-01
2.857404698117576580e-01
2.844924906123847963e-01
2.827355962458865113e-01
2.804823008635414228e-01
2.777508158087973467e-01
2.745647638533080248e-01
2.709528404637476795e-01
2.669484293951386311e-01
2.625891803114686618e-01
2.579165562306829917e-01
2.529753584063557104e-01
2.478132358304358518e-01
2.424801859158770556e-01
2.370280521445605748e-01
2.315100235960408925e-01
2.259801403564870304e-01
2.204928078916633394e-01
2.151023225948147377e-01
2.098624099257985487e-01
2.048257758710104182e-01
2.000436718970507732e-01
1.955654731606507046e-01
1.914382694829326326e-01
1.877064685019500523e-01
1.844114104830173184e-01
1.815909944866692105e-01
1.792793159602608932e-01
1.775063163187528825e-01
1.762974456970659298e-01
1.756733407709523132e-01
1.756495203323391041e-01
1.762361021413382522e-01
1.774375454292720367e-01
1.792524242595880390e-01
1.816732377267840370e-01
1.846862636440421424e-01
1.882714628919032740e-01
1.924024419250208173e-01
1.970464810140366563e-01
2.021646355896140890e-01
2.077119175157287889e-01
2.136375622181873879e-01
2.198853863129922037e-01
2.263942387142985901e-01
2.330985461690917859e-01
2.399289518027860058e-01
2.468130426273680567e-01
2.536761591456132559e-01
2.604422772872638236e-01
2.670349500602615112e-01
2.733782936294741894e-01
2.793980001896683163e-01
2.850223581183767840e-01
2.901832586043480156e-01
2.948171673520967317e-01
2.988660401343575246e-01
3.022781619340779713e-01
3.050088911737398600e-01
3.070212930139044061e-01
3.082866488124339499e-01
3.087848324297857716e-01
3.085045479732699825e-01
3.074434276051021819e-01
3.056079920009953654e-01
3.030134797514605349e-01
2.996835552808330694e-01
2.956499075841700908e-01
2.909517541527938955e-01
2.856352658212795159e-01
2.797529289111806983e-01
2.733628609992806990e-01
2.665280959650936365e-01
2.593158527655228252e-01
2.517968007543790465e-01
2.440443324309786444e-01
2.361338523866063632e-01
2.281420890356745668e-01
2.201464335738632649e-01
2.122243085869371937e-01
2.044525669126382172e-01
1.969069197875596422e-01
1.896613920280546817e-01
1.827878010209068316e-01
1.763552556451486175e-01
1.704296709108073793e-01
1.650732940760012424e-01
1.603442382782963860e-01
1.562960202739296089e-01
1.529770997015595935e-01
1.504304183559703467e-01
1.486929392499320712e-01
1.477951867344555748e-01
1.477607906098396817e-01
1.486060389569028584e-01
1.503394463061528130e-01
1.529613456888883338e-01
1.564635150132139274e-01
1.608288500018485723e-01
1.660310975267810518e-01
1.720346644759319366e-01
1.787945181775096037e-01
1.862561947724067357e-01
1.943559316488255306e-01
2.030209390308018169e-01
2.121698239569078659e-01
2.217131771403598739e-01
2.315543295511369726e-01
2.415902810398994627e-01
2.517127980276004928e-01
2.618096713738818915e-01
2.717661192372602397e-01
2.814663133367232839e-01
2.907950008521442142e-01
2.996391886244785252e-01
3.078898517065635221e-01
3.154436250192285685e-01
3.222044351798636908e-01
3.280850297034934027e-01
3.330083628340961277e-01
3.369088012262020371e-01
3.397331184121283321e-01
3.414412541811099322e-01
3.420068232772707217e-01
3.414173667283795788e-01
3.396743481381766516e-01
3.367929059015800086e-01
3.328013800631704489e-01
3.277406390395671276e-01
3.216632363736643407e-01
3.146324309118616602e-01
3.067211052482739508e-01
2.980106170348937322e-01
2.885896159875466771e-01
2.785528563754223197e-01
2.680000307673481297e-01
2.570346461419809048e-01
2.457629584674239642e-01
2.342929768072245511e-01
2.227335431605993177e-01
2.111934897898604946e-01
1.997808718675665729e-01
1.886022699778157896e-01
1.777621543720100394e-01
1.673623009135316031e-01
1.575012473246654721e-01
1.482737776316695455e-01
1.397704225404121647e-01
1.320769638147444303e-01
1.252739315266697406e-01
1.194360842637534614e-01
1.146318639873976364e-01
1.109228192176665573e-01
1.083629925660785503e-01
1.069982713410175951e-01
1.068657030041666456e-01
1.079927806465691420e-01
1.103967073517188868e-01
1.140836522711772827e-01
1.190480153776753702e-01
1.252717220679591681e-01
1.327235729082077986e-01
1.413586776500480036e-01
1.511180059523281605e-01
1.619280897411189690e-01
1.737009135171072305e-01
1.863340288527914612e-01
1.997109274999730177e-01
2.137017036804101655e-01
2.281640300645756403e-01
2.429444635739618774e-01
2.578800865399136222e-01
2.728004761652647048e-01
2.875299811124629734e-01
3.018902690336248140e-01
3.157030937974782403e-01
3.287932170287918843e-01
3.409914064037769532e-01
3.521374239711100862e-01
3.620829125077065225e-01
3.706940872670835274e-01
3.778541448208367348e-01
3.834653100364917022e-01
3.874504561743630782e-01
3.897542508224740021e-01
3.903438007855927205e-01
3.892087907293515503e-01
3.863611318740139411e-01
3.818341568924676355e-01
3.756814141255519490e-01
3.679751273061331318e-01
3.588043955690232711e-01
3.482732124033345311e-01
3.364983815486068397e-01
3.236074031486269598e-01
3.097363955075445041e-01
2.950281074405281534e-01
2.796300644225039322e-01
2.636928794178237112e-01
2.473687472122090281e-01
2.308101298972980997e-01
2.141686313270807496e-01
1.975940501423348872e-01
1.812335944480812921e-01
1.652312363998833522e-01
1.497271816785429310e-01
1.348574269179490248e-01
1.207533773772099944e-01
1.075414972949606113e-01
9.534296623141559623e-02
8.427331612955242524e-02
7.444202569345854947e-02
6.595205092141710745e-02
5.889927322433741175e-02
5.337184953159916645e-02
4.944945219862598856e-02
4.720239047373164798e-02
4.669060986248618761e-02
4.796257105467258836e-02
5.105401624629098828e-02
5.598663775817911553e-02
6.276667183010981033e-02
7.138344928310920434e-02
8.180794421942355621e-02
9.399137177014098288e-02
1.078638956619711459e-01
1.233335154590883415e-01
1.402852109916092604e-01
1.585804268231504333e-01
1.780569816570969355e-01
1.985294853308860186e-01
2.197903385662169362e-01
2.416113771874242866e-01
2.637462026745753807e-01
2.859332147342887320e-01
3.078993296942377778e-01
3.293643322777397575e-01
3.500457697093282139e-01
3.696642587845936356e-01
3.879490416097461369e-01
4.046435974689732706e-01
4.195110998397912350e-01
4.323395015227811666e-01
4.429460388214374600e-01
4.511809680982973303e-01
4.569303838315647015e-01
4.601180140861810819e-01
4.607059434813388088e-01
4.586942708544148317e-01
4.541197641544355568e-01
4.470536241621581031e-01
4.375985077128251577e-01
4.258849876420565672e-01
4.120676395231849254e-01
3.963209446618083387e-01
3.788351862488105182e-01
3.598124934680501652e-01
3.394631596750538605e-01
3.180023286174641362e-01
2.956471099555634807e-01
2.726141544855200660e-01
2.491176922602687249e-01
2.253680143516333390e-01
2.015703617674683423e-01
1.779241729534755401e-01
1.546226338918408882e-01
1.318524713215861732e-01
1.097939291901441766e-01
8.862087023333550806e-02
6.850094777484110053e-02
4.959579676511444157e-02
3.206119722545783257e-02
1.604716726931668808e-02
1.697946539569332881e-03
-1.084816582966509346e-02
-2.145915167678417307e-02
-3.000982286204966973e-02
-3.638260615492680539e-02
-4.046858784115540258e-02
-4.216883769089664613e-02
-4.139602636803743629e-02
-3.807634300429604129e-02
-3.215171004119146692e-02
-2.358228013329186773e-02
-1.234918457843015363e-02
1.542515772030232006e-03
1.806074779124779844e-02
3.714330653135695243e-02
5.869482001953817141e-02
8.258394623710567373e-02
1.086409753609861306e-01
1.366560316184161350e-01
1.663780833550110305e-01
1.975149737267141714e-01
2.297346743088872767e-01
2.626679367299098455e-01
2.959124709224607019e-01
3.290387119658651494e-01
3.615971520589051358e-01
3.931271137315657804e-01
4.231667315138430419e-01
4.512638009922023685e-01
4.769870574134300045e-01
4.999373723468453212e-01
5.197583171354674958e-01
5.361455441135718480e-01
5.488544848128229514e-01
5.577059572752721683e-01
5.625894051184456846e-01
5.634636470481156900e-01
5.603551814031936251e-01
5.533542489799305741e-01
5.426089928580405397e-01
5.283181536676798684e-01
5.107227951605636251e-01
4.900975663101390656e-01
4.667419761795143507e-01
4.409720945309053564e-01
4.131130053525833290e-01
3.834922437267544448e-01
3.524343495056138642e-01
3.202565828059112940e-01
2.872657723610876346e-01
2.537562114250012657e-01
2.200084777963701721e-01
1.862890332449398390e-01
1.528504504862125413e-01
1.199321195431436587e-01
8.776129641936118719e-02
5.655437234448037337e-02
2.651825881260809481e-02
-2.148199787908137547e-03
-2.925285935524918335e-02
-5.460901628862451646e-02
-7.803430679693343364e-02
-9.934981126260786222e-02
-1.183794063801029001e-01
-1.349494070198418161e-01
-1.488885409578001584e-01
-1.600283021399078465e-01
-1.682037313028565684e-01
-1.732546757246937463e-01
-1.750275816785483163e-01
-1.733778727103176820e-01
-1.681729628907115415e-01
-1.592959452744700244e-01
-1.466499803728119056e-01
-1.301633858891730333e-01
-1.097953957401692909e-01
-8.554251222766771912e-02
-5.744531947109571962e-02
-2.559555914461859871e-02
9.856807096852635702e-03
4.869690676369247545e-02
9.063907819338892780e-02
1.353223198417110584e-01
1.823076368607056685e-01
2.310778763946221281e-01
2.810406180255560771e-01
3.315346010760096274e-01
3.818400167192280148e-01
4.311927674302043489e-01
4.788025062393120868e-01
5.238739323309813400e-01
5.656304688516853307e-01
6.033391247786404898e-01
6.363350923192833131e-01
6.640444997056420551e-01
6.860037609013716065e-01
7.018741540260078349e-01
7.114506096560826442e-01
7.146641628529878387e-01
7.115780612651196879e-01
7.023780561431861580e-01
6.873578641457773752e-01
6.669011190951716905e-01
6.414613009786280795e-01
6.115411284741816278e-01
5.776727509624156598e-01
5.403998154668825382e-01
5.002621620882731213e-01
4.577835670281469316e-01
4.134626460115738422e-01
3.677667808699885965e-01
3.211287522662258920e-01
2.739456535303369522e-01
2.265796165047457011e-01
1.793598868343706243e-01
1.325858279386414318e-01
8.653049529669952500e-02
4.144449333620422310e-02
-2.440103100941929185e-03
-4.490591815094669564e-02
-8.574663850762488659e-02
-1.247636341884472144e-01
-1.617628707730548732e-01
-1.965521292744063786e-01
-2.289385408268154176e-01
-2.587264420249051899e-01
-2.857155616106553664e-01
-3.096995590776661644e-01
-3.304649496625328697e-01
-3.477904673267698255e-01
-3.614469370043722485e-01
-3.711977488923026147e-01
-3.768000500338434811e-01
-3.780067907134577188e-01
-3.745697835780955054e-01
-3.662439495707788262e-01
-3.527929334837709430e-01
-3.339962689607669510e-01
-3.096582527448796252e-01
-2.796186444836090690e-01
-2.437652343179112779e-01
-2.020482085468761624e-01
-1.544960876174566455e-01
-1.012328069570614664e-01
-4.249526111248182886e-02
2.134965561850279969e-02
8.978978357937031363e-02
1.621557678102283628e-01
2.376142506632226981e-01
3.151680773651661105e-01
3.936653188761428113e-01
4.718185780452910372e-01
5.482354114666798672e-01
6.214597665093395396e-01
6.900231535631449198e-01
7.525029681690625916e-01
8.075841312726080856e-01
8.541192546070540681e-01
8.911820869201740880e-01
9.181092228393229471e-01
9.345260155687478143e-01
9.403542377548353981e-01
9.358010485668443179e-01
9.213309159801497117e-01
8.976239536727536050e-01
8.655253656042609656e-01
8.259911822411232230e-01
7.800352150262183093e-01
7.286812898587781140e-01
6.729235798057904283e-01
6.136965026097171982e-01
5.518544064630923618e-01
4.881602918377594413e-01
4.232821769332143491e-01
3.577954043454362743e-01
2.921891509336933535e-01
2.268755614225721196e-01
1.622001968275083583e-01
9.845280160245385714e-02
3.587769785421706520e-02
-2.531661988307816122e-02
-8.494890428225099210e-02
-1.428576485804421980e-01
-1.988946080152937390e-01
-2.529192405625911855e-01
-3.047939270345981777e-01
-3.543798222324966440e-01
-4.015331956456822393e-01
-4.461021363521147087e-01
-4.879235182696565754e-01
-5.268201462564514603e-01
-5.625980295315531343e-01
-5.950437562257024915e-01
-6.239219720339649333e-01
-6.489729978946462419e-01
-6.699106576688116377e-01
-6.864204284319508353e-01
-6.981580747237292606e-01
-7.047489852575279379e-01
-7.057884970222170207e-01
-7.008435673902699836e-01
-6.894562383028933761e-01
-6.711494241235115288e-01
-6.454356393755584786e-01
-6.118293528688210081e-01
-5.698636933967986540e-01
-5.191122148936614389e-01
-4.592163234842184805e-01
-3.899187356860787657e-01
-3.111029318493472862e-01
-2.228379488392167318e-01
-1.254269903341906356e-01
-1.945722015681310146e-02
9.415320707365004704e-02
2.141162081791440075e-01
3.387494933532958497e-01
4.659742796989235769e-01
5.933422203129731232e-01
7.180973811574857812e-01
8.372761231797232195e-01
9.478431600351455710e-01
1.046856258500157066e+00
1.131645931955322704e+00
1.199991382709910459e+00
1.250271366391233263e+00
1.281569772207070690e+00
1.293720936407760869e+00
1.287288322326457291e+00
1.263480437281865765e+00
1.224017354490030796e+00
1.170967766676789479e+00
1.106578792982978010e+00
1.033118719932135665e+00
9.527475543342043274e-01
8.674234236140850873e-01
7.788462186086164696e-01
6.884347000017635443e-01
5.973301571807706489e-01
5.064185646109288230e-01
4.163635703120395215e-01
3.276439709701252090e-01
2.405910236493503940e-01
1.554226096895305886e-01
7.227266786353894745e-02
-8.784640119957179416e-03
-8.771587316854437266e-02
-1.645138032980560938e-01
-2.391867149326151187e-01
-3.117507344256598145e-01
-3.822244669235126957e-01
-4.506253155855014514e-01
-5.169669706205943793e-01
-5.812576645495470817e-01
-6.434988859674712902e-01
-7.036843229643073849e-01
-7.617988688592757240e-01
-8.178175685439428300e-01
-8.717044159050052476e-01
-9.234109341384567626e-01
-9.728744837712918203e-01
-1.020016250090874932e+00
-1.064738864345970537e+00
-1.106923613159411124e+00
-1.146427189538976155e+00
-1.183077938098833659e+00
-1.216671548113220425e+00
-1.246966152583240062e+00
-1.273676801823845794e+00
-1.296469299054890945e+00
-1.314953416901084138e+00
-1.328675562540944544e+00
-1.337111031912566972e+00
-1.339656097984632144e+00
-1.335620324533261405e+00
-1.324219696680093650e+00
-1.304571425205104607e+00
-1.275691625414018704e+00
-1.236497501781406383e+00
-1.185816186951571538e+00
-1.122402971750717349e+00
-1.044972277037151898e+00
-9.522452690803901998e-01
-8.430183532046676698e-01
-7.162566548528813692e-01
-5.712156712242185685e-01
-4.075921134097024723e-01
-2.257010762215959920e-01
-2.667066646599167840e-02
1.873630085675028756e-01
4.130874960139230834e-01
6.459092887823905116e-01
8.799568741674043126e-01
1.108235705121056736e+00
1.322967560931663344e+00
1.516120083269775876e+00
1.680091461719133816e+00
1.808467663870836351e+00
1.896729444662708763e+00
1.942771032846271950e+00
1.947114944784664070e+00
1.912768115635188559e+00
1.844747160986063728e+00
1.749377172984223128e+00
1.633512123578313879e+00
1.503822932339864415e+00
1.366258182958281164e+00
1.225722857051470216e+00
1.085965029565611140e+00
9.496241532167789545e-01
8.183809978074932934e-01
6.931535957784018542e-01
5.742974168241503641e-01
4.617840861626303917e-01
3.553467162651578470e-01
2.545895663891130090e-01
1.590653575688505406e-01
6.832608594593991835e-02
-1.804631086302422444e-02
-1.004236584946783944e-01
-1.791248833614474678e-01
-2.544153633982569884e-01
-3.265096802891110372e-01
-3.955759835309754502e-01
-4.617408035350740736e-01
-5.250936041707398028e-01
-5.856906774896560863e-01
-6.435581882493481842e-01
-6.986943026439234039e-01
-7.510704081223854578e-01
-8.006314675958637883e-01
-8.472955652272754490e-01
-8.909527021187304552e-01
-9.314628955194420579e-01
-9.686536296726938611e-01
-1.002316703865159697e+00
-1.032204526734256111e+00
-1.058025918333088455e+00
-1.079441505929853884e+00
-1.096058839577656041e+00
-1.107427413347439327e+00
-1.113033862741559021e+00
-1.112297723841884967e+00
-1.104568291161871274e+00
-1.089123304491240951e+00
-1.065170433921603710e+00
-1.031852816220693247e+00
-9.882602165052492005e-01
-9.334477254890672926e-01
-8.664642131996944663e-01
-7.863929750979735678e-01
-6.924070183408287393e-01
-5.838410918463963206e-01
-4.602816658126143712e-01
-3.216743852429730377e-01
-1.684458373304638101e-01
-1.632649675976151045e-03
1.769939505932588975e-01
3.648254930481001912e-01
5.583580571530218917e-01
7.532042036334405388e-01
9.441998424638764487e-01
1.125623677148765989e+00
1.291532084563527416e+00
1.436190475153490631e+00
1.554556852898818287e+00
1.642751022558721186e+00
1.698431841636792505e+00
1.721011826352252028e+00
1.711665016269071415e+00
1.673124795892951155e+00
1.609311689056749151e+00
1.524863531105567382e+00
1.424652414496975883e+00
1.313362821356012455e+00
1.195179639265765204e+00
1.073603660626402556e+00
9.513853378681055295e-01
8.305506155980870719e-01
7.124864773222152614e-01
5.980559892498543695e-01
4.877194033167482345e-01
3.816459823286871278e-01
2.798084639997645007e-01
1.820575046235203553e-01
8.817690808255825019e-02
-2.077721737679591278e-03
-8.895359249473362706e-02
-1.726853240717200477e-01
-2.534866711857224897e-01
-3.315470484239981253e-01
-4.070310901824553129e-01
-4.800799653788127008e-01
-5.508135634885559240e-01
-6.193329726203457009e-01
-6.857228922951793537e-01
-7.500537781686386074e-01
-8.123836183772354946e-01
-8.727593050918734940e-01
-9.312176013993997969e-01
-9.877857214835034094e-01
-1.042481547670602637e+00
-1.095313505817180122e+00
-1.146280113858069605e+00
-1.195369209136375899e+00
-1.242556849639393945e+00
-1.287805873181575800e+00
-1.331064087275016794e+00
-1.372262051089015333e+00
-1.411310399630371970e+00
-1.448096649212539999e+00
-1.482481412688742672e+00
-1.514293943297931877e+00
-1.543326918168269613e+00
-1.569330367918630786e+00
-1.592004659511143894e+00
-1.610992448678439271e+00
-1.625869540416955639e+00
-1.636134637612255194e+00
-1.641198027702186701e+00
-1.640369367357054520e+00
-1.632844891219820349e+00
-1.617694612896833251e+00
-1.593850429172350314e+00
-1.560096510026031558e+00
-1.515063986651351113e+00
-1.457232761700423707e+00
-1.384944269108567827e+00
-1.296430179479215683e+00
-1.189863292122280036e+00
-1.063437982210081012e+00
-9.154882280668621419e-01
-7.446508600105080644e-01
-5.500794237167319078e-01
-3.317088813930087476e-01
-9.056215500548198127e-02
1.709245593944777319e-01
4.485994827941862106e-01
7.363787893310476118e-01
1.026196871452966120e+00
1.308210339953324253e+00
1.571325823820641565e+00
1.804072350250572665e+00
1.995756932527925409e+00
2.137742400978214441e+00
2.224602877681796542e+00
2.254886827604544397e+00
2.231280282574950480e+00
2.160108200117639932e+00
2.050291504179512891e+00
1.912019296305016658e+00
1.755443513051966775e+00
1.589647212382664154e+00
1.422016017386602771e+00
1.258013799369037899e+00
1.101274135523786279e+00
9.538839984096216806e-01
8.167452024759869200e-01
6.899311154940481750e-01
5.729920735548859057e-01
4.651918720296917553e-01
3.656762702929743369e-01
2.735838216509099419e-01
1.881123578799025753e-01
1.085538788615796890e-01
3.430842988769678553e-02
-3.511500013034055123e-02
-1.001048539386720088e-01
-1.609568287149613086e-01
-2.178847261392165835e-01
-2.710309038597365494e-01
-3.204755738774166529e-01
-3.662446274290001025e-01
-4.083159338877285216e-01
-4.466242179107753341e-01
-4.810647048113922963e-01
-5.114957674557530920e-01
-5.377408285660392195e-01
-5.595897834020900907e-01
-5.768002180563911452e-01
-5.890987134269440872e-01
-5.961825473241592066e-01
-5.977221381968933489e-01
-5.933646129406519032e-01
-5.827389255956983982e-01
-5.654629986030826894e-01
-5.411533959689472928e-01
-5.094380569671885794e-01
-4.699726044685099136e-01
-4.224606736061238821e-01
-3.666785598963217541e-01
-3.025042337634766265e-01
-2.299503835186857137e-01
-1.492006099729416002e-01
-6.064719649639149085e-02
3.507196149412096509e-02
1.370406034355536318e-01
2.440397485045177894e-01
3.545366372525503018e-01
4.666921081989442999e-01
5.783910931389723009e-01
6.872995380175349611e-01
7.909486364962402538e-01
8.868438813059402737e-01
9.725924508580872097e-01
1.046038505523125606e+00
1.105392933292139057e+00
1.149342844950839826e+00
1.177127314353219933e+00
1.188569618626429625e+00
1.184062027723168598e+00
1.164505900591682241e+00
1.131216037216746129e+00
1.085802596260188935e+00
1.030045608617201403e+00
9.657761073799069340e-01
8.947747360773501413e-01
8.186943840370275449e-01
7.390089913219753948e-01
6.569870003994567886e-01
5.736854628236197629e-01
4.899596122487596683e-01
4.064825893583740024e-01
3.237706133915805862e-01
2.422098891648753749e-01
1.620826322237887696e-01
8.359059716757735736e-02
6.875305772818157517e-03
-6.796523697549852749e-02
-1.408631641495728948e-01
-2.117703111911069247e-01
-2.806502328867779839e-01
-3.474721690159896514e-01
-4.122064903516451384e-01
-4.748212170575945579e-01
-5.352792699258309694e-01
-5.935361810919832504e-01
-6.495380493617370909e-01
-7.032195738256411532e-01
-7.545020378513289661e-01
-8.032911448385666731e-01
-8.494746289471948320e-01
-8.929195802811505933e-01
-9.334694367520569580e-01
-9.709406061146189648e-01
-1.005118693595710599e+00
-1.035754325419159683e+00
-1.062558578928779252e+00
-1.085198058928225073e+00
-1.103289700857323252e+00
-1.116395438786749184e+00
-1.124016954997920203e+00
-1.125590833938812763e+00
-1.120484582948193975e+00
-1.107994161612847916e+00
-1.087343886104031432e+00
-1.057689846403507161e+00
-1.018128288924387448e+00
-9.677107599088774492e-01
-9.054681443064629409e-01
-8.304460134331796972e-01
-7.417538205949738561e-01
-6.386303213009356661e-01
-5.205269597290799188e-01
-3.872096301129840934e-01
-2.388769510734935209e-01
-7.628979021398837879e-02
9.909779370400058351e-02
2.850214965276953727e-01
4.783245338329749630e-01
6.749355611854080950e-01
8.699332751710875389e-01
1.057719885685981076e+00
1.232313877460531781e+00
1.387752856778243116e+00
1.518572070899475657e+00
1.620298931749559301e+00
1.689886631932986605e+00
1.726008774085275865e+00
1.729156206147524077e+00
1.701514462261719540e+00
1.646645508507854405e+00
1.569036975233236264e+00
1.473603559417235420e+00
1.365223630743270578e+00
1.248372802192383890e+00
1.126884986741822692e+00
1.003841102956639419e+00
8.815638080192954584e-01
7.616861637835097287e-01
6.452615239502714761e-01
5.328875845761386065e-01
4.248257314893397196e-01
3.211048119424403380e-01
2.216048046872905186e-01
1.261201527673559419e-01
3.440496791026238094e-02
-5.379661919408196269e-02
-1.387315147458602071e-01
-2.206269962379157623e-01
-2.996857338328088316e-01
-3.760844868341919334e-01
-4.499749944397411494e-01
-5.214860226206934346e-01
-5.907258745453928261e-01
-6.577849280129405285e-01
-7.227379443430206329e-01
-7.856460150741618742e-01
-8.465580904511718074e-01
-9.055120794756831293e-01
-9.625355350731118476e-01
-1.017645947078159141e+00
-1.070850665578745087e+00
-1.122146471362952092e+00
-1.171518801219500805e+00
-1.218940625182431070e+00
-1.264370961395455462e+00
-1.307753002609374438e+00
-1.349011816696062072e+00
-1.388051572152708690e+00
-1.424752228594125869e+00
-1.458965622039868126e+00
-1.490510866002650037e+00
-1.519168982976271787e+00
-1.544676678478926091e+00
-1.566719173708507773e+00
-1.584922026591565114e+00
-1.598841899527361221e+00
-1.607956282382772883e+00
-1.611652260759611321e+00
-1.609214544871007790e+00
-1.599813159912584437e+00
-1.582491465092954464e+00
-1.556155539895960116e+00
-1.519566479611661469e+00
-1.471337803645164533e+00
-1.409941017482653880e+00
-1.333723379619677685e+00
-1.240943063913139577e+00
-1.129828058611119790e+00
-9.986660729094956057e-01
-8.459330299161909039e-01
-6.704667944015455516e-01
-4.716897617730151371e-01
-2.498777929247687490e-01
-6.462730210091173488e-03
2.556591134381446251e-01
5.318587610109718478e-01
8.156123988597838714e-01
1.098525085716579808e+00
1.370619841319039356e+00
1.620946485033577522e+00
1.838508027034430059e+00
2.013418091090025008e+00
2.138110477496562023e+00
2.208356363922328924e+00
2.223843645414000036e+00
2.188156272587816975e+00
2.108142216976142791e+00
1.992823129876780230e+00
1.852110897045500248e+00
1.695613992080797106e+00
1.531743855686728883e+00
1.367211660971455967e+00
1.206892246780213229e+00
1.053960472749937205e+00
9.101834520385942984e-01
7.762669741841611293e-01
6.521861308512646449e-01
5.374627198647304871e-01
4.313770146811184980e-01
3.331169351117714839e-01
2.418750799069582791e-01
1.569061435702100715e-01
7.755635904254221114e-02
3.274489018600053140e-03
-6.638846746045500014e-02
-1.317857928112715904e-01
-1.931844163118441038e-01
-2.507750023296956288e-01
-3.046815189655224798e-01
-3.549696387995522340e-01
-4.016537062450482587e-01
-4.447022412775046285e-01
-4.840420860456267627e-01
-5.195613750876508785e-01
-5.511115471723713188e-01
-5.785086349113985893e-01
-6.015340793031295208e-01
-6.199353282773868434e-01
-6.334264962537552446e-01
-6.416893887509917960e-01
-6.443752335529332465e-01
-6.411075076294940889e-01
-6.314863049386854055e-01
-6.150947501723301736e-01
-5.915080202902854856e-01
-5.603055783186484673e-01
-5.210872365728954625e-01
-4.734936278027057632e-01
-4.172315454354640352e-01
-3.521043857147141964e-01
-2.780475502617533734e-01
-1.951681156828528330e-01
-1.037873278586183556e-01
-4.483538809584191806e-03
1.018678772694243395e-01
2.140622047791297666e-01
3.305461987259655232e-01
4.494181052050564285e-01
5.684527795686309393e-01
6.851565602792787368e-01
