2.999999999999999889e-01
3.871933781217780091e-01
4.543195193805754650e-01
4.914865215091538397e-01
4.894100958068999252e-01
4.426698861203085533e-01
3.521009593682339900e-01
2.252290077276966895e-01
7.483674407306413479e-02
-8.336364997105412400e-02
-2.330406350661922144e-01
-3.592979937658325462e-01
-4.506485485866388863e-01
-5.007993093836693443e-01
-5.095780193693461024e-01
-4.822702189700601716e-01
-4.273583043127132663e-01
-3.536014453257563805e-01
-2.677692956282134995e-01
-1.739243293315295702e-01
-7.436956972216900164e-02
2.827359167298722220e-02
1.287893924462960027e-01
2.180232548393095382e-01
2.834916815911068255e-01
3.123029190038351666e-01
2.955498155329859822e-01
2.322650246118594664e-01
1.309784201796212189e-01
8.085973448252223306e-03
-1.162352018101878437e-01
-2.229820021488023163e-01
-2.985757304417554492e-01
-3.372406808747772655e-01
-3.409164661237133465e-01
-3.169294396474138797e-01
-2.745241855534347741e-01
-2.217377191894120136e-01
-1.637046889493507795e-01
-1.026639169855171618e-01
-3.927193004245217028e-02
2.545539617347886835e-02
8.832330642356750472e-02
1.430353591682614334e-01
1.808146628607401329e-01
1.927205884403172254e-01
1.729916953892367271e-01
1.220435953385431149e-01
4.769580428156747209e-02
-3.609079536561304868e-02
-1.126373223298843262e-01
-1.669633508729397031e-01
-1.896646553417568604e-01
-1.788841097733369356e-01
-1.397163669432881783e-01
-8.146210056679488443e-02
-1.405674107526026090e-02
5.480503193745890622e-02
1.208998615618592926e-01
1.829850939809759824e-01
2.411475550678872648e-01
2.947598590377412675e-01
3.407634764943456851e-01
3.729196502505202071e-01
3.825420452902726365e-01
3.608269698025374228e-01
3.021814375943555619e-01
2.073019448123169517e-01
8.470101186866194065e-02
-5.001516591374901427e-02
-1.770204818931395696e-01
-2.766223378188452098e-01
-3.339868995367118454e-01
-3.427149616077087013e-01
-3.057805769070043311e-01
-2.333416837656623333e-01
-1.385181594133595429e-01
-3.322838630385833297e-02
7.415373291377511111e-02
1.787800492583702661e-01
2.775600839620817606e-01
3.668116638061538204e-01
4.405253630976083690e-01
4.901467181378605931e-01
5.061923358285412844e-01
4.811512198196988832e-01
4.123600435881598081e-01
3.034950276772245270e-01
1.641646611905130670e-01
8.159303042871750983e-03
-1.486797512881458672e-01
-2.904532400730768238e-01
-4.031637661712916265e-01
-4.767950881051705170e-01
-5.070876421408468948e-01
-4.960895224255359448e-01
-4.508593938903650011e-01
-3.807114184847733007e-01
-2.942818447886904054e-01
-1.977513543186884271e-01
-9.486074581167643072e-02
1.150091420104865265e-02
1.169664727829613643e-01
2.137718675615173924e-01
2.904339575671272544e-01
3.337552769623883808e-01
3.328128773182670863e-01
2.833237319951537048e-01
1.902600388968745393e-01
6.739296371268531372e-02
-6.598429264885360968e-02
-1.897534491099632237e-01
-2.875064530689345754e-01
-3.497097324683516306e-01
-3.747368779412908468e-01
-3.675840717897378984e-01
-3.368871087834556799e-01
-2.915256019851223956e-01
-2.381233462556104075e-01
-1.801368698717504269e-01
-1.184758667498220508e-01
-5.315265656340165817e-02
1.468835761830211174e-02
8.108037898272502098e-02
1.386486504538426978e-01
1.777093259825074933e-01
1.890267799173911412e-01
1.673398910492069069e-01
1.141666025542220353e-01
3.853814854602148621e-02
-4.481861406684049115e-02
-1.192611985391541785e-01
-1.706460328820315897e-01
-1.908439715175165030e-01
-1.791469913107568146e-01
-1.411700087690407890e-01
-8.590508708476871091e-02
-2.233393755439944464e-02
4.299919437461129784e-02
1.067286115326493423e-01
1.678287959873633051e-01
2.258259854288502677e-01
2.788289934053982955e-01
3.221192139683352607e-01
3.479753049105080431e-01
3.471666523211064947e-01
3.119391449821345419e-01
2.395026402882615701e-01
1.345643655054664378e-01
9.742173404783491253e-03
-1.164764232256357002e-01
-2.237421254245180735e-01
-2.947546160441254504e-01
-3.195761265648879856e-01
-2.977223024932095230e-01
-2.370905663462333224e-01
-1.502641060922743077e-01
-5.004447219260525770e-02
5.377448737339068918e-02
1.553526075120316707e-01
2.516753294126363727e-01
3.403294668439271198e-01
4.173420652116457963e-01
4.760729660948093689e-01
5.077668054640984696e-01
5.037222110400275676e-01
4.582316767454679418e-01
3.709602653081201518e-01
2.477408425092784416e-01
9.971404941238246056e-02
-5.846062002567732618e-02
-2.105838304750996537e-01
-3.409143133669146897e-01
-4.363807232918500700e-01
-4.888725126606566218e-01
-4.967896848203817717e-01
-4.648512171315437591e-01
-4.019319082013016464e-01
-3.178745042751675576e-01
-2.208180904607798534e-01
-1.161911581006623007e-01
-7.583439928792887197e-03
1.011276375103463132e-01
2.035090110719304513e-01
2.894360187682314400e-01
3.461014301372901114e-01
3.613090072300261246e-01
3.278872428623875179e-01
2.471442533388194251e-01
1.296112595877357831e-01
-7.238017802784088572e-03
-1.431920922822918774e-01
-2.598674066345866840e-01
-3.443873032805653822e-01
-3.913587640363331843e-01
-4.027097115927875115e-01
-3.855360383075178143e-01
-3.488561295157588393e-01
-3.005775251592716635e-01
-2.457083721117923336e-01
-1.861517511916324641e-01
-1.218229500367908058e-01
-5.255628169546676387e-02
1.983273287221294992e-02
9.007251673876107145e-02
1.493237705510412350e-01
1.869011206633440225e-01
1.935495968624107999e-01
1.651090093612781473e-01
1.049590929681356311e-01
2.404315345446011304e-02
-6.168180954936894334e-02
-1.354579073477569784e-01
-1.841079035782667017e-01
-2.010818518414753675e-01
-1.871678063294218708e-01
-1.487886910253378714e-01
-9.482118234031103321e-02
-3.342122637423839554e-02
2.989773374732958289e-02
9.247047678824983630e-02
1.532760969747932467e-01
2.110329383528016522e-01
2.623888193240976330e-01
3.009831521468335769e-01
3.180315166916801717e-01
3.046396408070021211e-01
2.552484605362284609e-01
1.708570792037784336e-01
6.055038555452871285e-02
-5.949073871757374482e-02
-1.693551157707529620e-01
-2.502120769969737868e-01
-2.891087840859019042e-01
-2.820630994584666928e-01
-2.341802176739708474e-01
-1.567817191588600223e-01
-6.299683039531076001e-02
3.612345750435047576e-02
1.335137763496578034e-01
2.257712097354324932e-01
3.113055424816990047e-01
3.880283748593360560e-01
4.515814781685155155e-01
4.948573572200173909e-01
5.091542805636758429e-01
4.866629153853121448e-01
4.232951867587892991e-01
3.206312731166405250e-01
1.862733995351568694e-01
3.278337955337468773e-02
-1.241167783356915966e-01
-2.676181125580849862e-01
-3.821782540658757443e-01
-4.561616827265643770e-01
-4.841674360458431692e-01
-4.679221911143092716e-01
-4.149812504916821077e-01
-3.356761049576900691e-01
-2.398030245941552840e-01
-1.346080183838828659e-01
-2.478209006220984806e-02
8.584640614453559193e-02
1.919312739390565958e-01
2.848425557722475410e-01
3.527171708385856141e-01
3.828742043052683619e-01
3.659300543474575118e-01
2.997775294204064744e-01
1.914222506132675639e-01
5.580443022756417099e-02
-8.771161526645832041e-02
-2.197041733857147405e-01
-3.246218160701276889e-01
-3.934499188208688825e-01
-4.245869290569554422e-01
-4.227260223604983880e-01
-3.961624729336177819e-01
-3.535929855691313239e-01
-3.016111851003837607e-01
-2.436310816987307948e-01
-1.803036773703258766e-01
-1.110515940701932575e-01
-3.616913971167251551e-02
4.118393993060876640e-02
1.138999175535536368e-01
1.715031951279527012e-01
2.026500627845022606e-01
1.989059471179392413e-01
1.583192076434954687e-01
8.715250329191984169e-02
-1.120966185763601916e-03
-8.924493401434467621e-02
-1.607665279306004502e-01
-2.041744178573770552e-01
-2.152089526513744910e-01
-1.966589262020402018e-01
-1.559707734140690916e-01
-1.018989444553727863e-01
-4.169057029724584917e-02
2.020409635108701835e-02
8.175057077238460923e-02
1.417860362070325619e-01
1.980886682688497713e-01
2.458797177457818228e-01
2.775294064909678560e-01
2.839721594232176294e-01
2.576779231717788998e-01
1.961560211724164837e-01
1.044561262139432622e-01
-4.586465161421833872e-03
-1.127084834013729331e-01
-2.005528423669133420e-01
-2.526542318380821106e-01
-2.613894727615581060e-01
-2.283757236398714918e-01
-1.627600246077204604e-01
-7.728743406614288491e-02
1.596778946449176062e-02
1.084476547925945777e-01
1.957719930830660870e-01
2.765324022774596213e-01
3.501192191274685728e-01
4.145528031909451183e-01
4.651222610294928894e-01
4.943943325680942302e-01
4.937665165708763904e-01
4.561290988875157382e-01
3.786159378772470108e-01
2.643331404408058027e-01
1.225210815894798994e-01
-3.263304945384595812e-02
-1.840072311392129956e-01
-3.140913233679187844e-01
-4.079790480519324691e-01
-4.563620903220542702e-01
-4.574474976046619124e-01
-4.166811534110661519e-01
-3.441576111793555603e-01
-2.509490232241670671e-01
-1.461592495710311856e-01
-3.592846188520869288e-02
7.551717821557366039e-02
1.836012515881133011e-01
2.812017153533639124e-01
3.578380421980261183e-01
4.011035270306751443e-01
4.001724443236900908e-01
3.499431696002771597e-01
2.537698778963976554e-01
1.234337139902217106e-01
-2.347448966060130052e-02
-1.674830456795942668e-01
-2.911530796693986844e-01
-3.821561847566078973e-01
-4.350192928678922599e-01
-4.511459051750363880e-01
-4.370594709969360392e-01
-4.014815835891907270e-01
-3.523764775138734096e-01
-2.950125666130183899e-01
-2.315201491517953070e-01
-1.618302650173312485e-01
-8.554667806732552116e-02
-4.145173286522424103e-03
7.726159024345594095e-02
1.494562070686056010e-01
2.005844349469572407e-01
2.194716846580795355e-01
1.996984498769896199e-01
1.426906546787954366e-01
5.833828232715786155e-02
-3.724565517116379398e-02
-1.259786318857775700e-01
-1.925204285791555225e-01
-2.278457707210839178e-01
-2.305466613535661347e-01
-2.055977529455803032e-01
-1.613506541853707288e-01
-1.062106946719029166e-01
-4.636719964698789165e-02
1.478010345002178649e-02
7.567852194866694915e-02
1.348315415412116025e-01
1.889760784006471184e-01
2.320480766355315083e-01
2.556308886420614601e-01
2.511315669521451133e-01
2.131193218930529654e-01
1.424862402955583696e-01
4.793134964429759948e-02
-5.509726429088873667e-02
-1.478461509085077785e-01
-2.130419161861722144e-01
-2.394404126684589740e-01
-2.244882849772733557e-01
-1.740541244817820077e-01
-9.944612626920336373e-02
-1.318102398516406842e-02
7.462545118118162069e-02
1.579953235043051463e-01
2.347695128316963920e-01
3.048667262837708170e-01
3.680363211112541721e-01
4.219358899094349802e-01
4.611848126119949542e-01
4.778359500621358613e-01
4.633217131073396611e-01
4.113232785846727690e-01
3.204940365139817282e-01
1.959880341777746338e-01
4.934182426575475788e-02
-1.030859817801936668e-01
-2.427042052572068176e-01
-3.519993659419244914e-01
-4.181077797121570683e-01
-4.356346406538700311e-01
-4.074124119358812912e-01
-3.425993328319458797e-01
-2.529648198449105378e-01
-1.492259129172689436e-01
-3.908680718291112494e-02
7.247593980527361479e-02
1.812658474513517415e-01
2.814729589718726888e-01
3.641927780825364724e-01
4.179210404521021549e-01
4.312619640569964052e-01
3.968687852102044111e-01
3.147347660724187923e-01
1.931881979405192240e-01
4.725879359668121171e-02
-1.046093671565583166e-01
-2.441880867294871915e-01
-3.566089138497001154e-01
-4.326400282311871348e-01
-4.697353120987923236e-01
-4.714768893648631498e-01
-4.454514115395165064e-01
-4.003072820184269687e-01
-3.431348754326549177e-01
-2.780711778743243934e-01
-2.064177092029357286e-01
-1.280293699049874501e-01
-4.344317809618961079e-02
4.396511321167940328e-02
1.266743391306715261e-01
1.934229171083599597e-01
2.317098265179727001e-01
2.318121102486687957e-01
1.907553600629851576e-01
1.144003920436553884e-01
1.658627659327744155e-02
-8.438184790747704778e-02
-1.705522754307097488e-01
-2.287665997624267200e-01
-2.532926800935020317e-01
-2.458984425389512951e-01
-2.135982589761685757e-01
-1.652490895094994861e-01
-1.085313655250620402e-01
-4.840745983371628341e-02
1.270628643263184074e-02
7.351579982343696418e-02
1.319418991852419343e-01
1.835581459186733377e-01
2.211615887242258660e-01
2.360091962211532113e-01
2.206147175493103907e-01
1.721431527638101755e-01
9.490171370475296297e-02
6.544650809519013401e-04
-9.362600749540002376e-02
-1.699404238224355435e-01
-2.140199930623866154e-01
-2.190037651938348540e-01
-1.866551298417930826e-01
-1.256908758664922465e-01
-4.808866834162526388e-02
3.491122715035317736e-02
1.155150499984823470e-01
1.900776992185552461e-01
2.580427975489263392e-01
3.199057691051974128e-01
3.750523735734214714e-01
4.201774060261765364e-01
4.488374184079307883e-01
4.524850871464206614e-01
4.228883135699754159e-01
3.552001443499657740e-01
2.505238694722949910e-01
1.169997902996834510e-01
-3.090704132076238855e-02
-1.746745360832079319e-01
-2.951225895484819173e-01
-3.763989423581522997e-01
-4.095712488065101908e-01
-3.944240233704929266e-01
-3.384601246202025848e-01
-2.534777938188199076e-01
-1.514500517697412174e-01
-4.166449070551004469e-02
6.986297088094105268e-02
1.789492416260892726e-01
2.808641872803125938e-01
3.683628907876161374e-01
4.313131682496949559e-01
4.584794676994852214e-01
4.409560548229030097e-01
3.756941790851295315e-01
2.673624820870588725e-01
1.277401295437271544e-01
-2.678314723400481573e-02
-1.783658749646145070e-01
-3.106386211031995082e-01
-4.111114701351802347e-01
-4.729231514876766074e-01
-4.955187716570406686e-01
-4.838026198992571580e-01
-4.458576312021641508e-01
-3.900766596579886558e-01
-3.228564133306999206e-01
-2.476570638989935014e-01
-1.655879952821540657e-01
-7.716431780022306453e-02
1.542118843257779884e-02
1.063754822621050256e-01
1.857091871271128736e-01
2.407132462322918165e-01
2.594658404745192604e-01
2.351973098013234731e-01
1.695870773683921806e-01
7.336924030110290873e-02
-3.611488918361191458e-02
-1.394308203232721421e-01
-2.199737665048156210e-01
-2.676960023591967719e-01
-2.805275796945547184e-01
-2.632007994726190403e-01
-2.242029267619928545e-01
-1.723123617721576406e-01
-1.141421738140822179e-01
-5.339588172680760636e-02
8.303763613972977090e-03
6.966019963290082107e-02
1.278275891616386939e-01
1.772319423938581995e-01
2.098018550831060591e-01
2.169112289313292474e-01
1.925611834657038057e-01
1.365429502648395632e-01
5.609149613533220141e-02
-3.490299131463912852e-02
-1.190468124057416921e-01
-1.799564056483655694e-01
-2.066042691985657265e-01
-1.959384391269269610e-01
-1.528033896030647487e-01
-8.731849208865087586e-02
-1.099376998671145952e-02
6.671691077073961529e-02
1.402100636553605950e-01
2.076042657342006825e-01
2.692005398385080017e-01
3.253503258799685938e-01
3.744947542776142502e-01
4.119972226377738300e-01
4.302691098126595892e-01
4.204284379447293385e-01
3.751795242315801304e-01
2.919524930059918533e-01
1.750801122060687554e-01
3.617064591044941158e-02
-1.074660586328922696e-01
-2.359851277563244643e-01
-3.311671628225356101e-01
-3.806180610836671918e-01
-3.805884221410208990e-01
-3.360918220537844614e-01
-2.581446707853436440e-01
-1.595059784653711232e-01
-5.101644479065105958e-02
5.997526916579106609e-02
1.689025815731450830e-01
2.718396529893461477e-01
3.632229723959577439e-01
4.346841598657272820e-01
4.758102656284552423e-01
4.767965457726322520e-01
4.318994631121034211e-01
3.420070280075466762e-01
2.151142772568628292e-01
6.474433479021102222e-02
-9.266010276893256459e-02
-2.403575819472962005e-01
-3.635847182262522681e-01
-4.515572945324800025e-01
-4.990380894697927228e-01
-5.068708286696759213e-01
-4.809382627927446530e-01
-4.297283015999604494e-01
-3.615001192858700030e-01
-2.822512065838891360e-01
-1.952134393516318511e-01
-1.018994533274072967e-01
-4.179888519213234566e-03
9.345466024460574728e-02
1.824874585640713365e-01
2.508147776795120465e-01
2.854517539247520275e-01
2.768172518035457164e-01
2.228211390262717639e-01
1.307745621853119433e-01
1.614299771877424072e-02
-1.013336470796852573e-01
-2.026371803096159163e-01
-2.739162351526501782e-01
-3.090712984422540055e-01
-3.097950682763839780e-01
-2.832797396721782324e-01
-2.387283430546556506e-01
-1.842023480865182528e-01
-1.249293499725277062e-01
-6.334525282945853430e-02
-4.472604743834858324e-04
6.227037728020242552e-02
1.210932404205049689e-01
1.693634515669292795e-01
1.983559751572601393e-01
1.997931777315045399e-01
1.691978036069954339e-01
1.086538307679575516e-01
2.761767978987458155e-02
-5.878347360602955568e-02
-1.334914464986727001e-01
-1.820392264834722607e-01
-1.962862873459688962e-01
-1.760220224900335972e-01
-1.278978869526560813e-01
-6.229456942111306905e-02
1.040173736800089135e-02
8.257955720849415038e-02
1.503965983757731828e-01
2.130482443205665155e-01
2.709596824411897309e-01
3.236941139330899997e-01
3.682748659514805123e-01
3.985167207193159311e-01
4.058234728917063938e-01
3.815176171597239319e-01
3.200888707110201015e-01
2.221594108764045061e-01
9.595338092585677103e-02
-4.334404940824976293e-02
-1.762323370816910595e-01
-2.829733269148259067e-01
-3.481658379927070612e-01
-3.644305751539345661e-01
-3.336899435587198925e-01
-2.653537434860384625e-01
-1.722899421192439218e-01
-6.660635197743247637e-02
4.289064366534224571e-02
1.508638321063377474e-01
2.537606657432225354e-01
3.474483090136972763e-01
4.254313418446689088e-01
4.786379227357880350e-01
4.971343067948311156e-01
4.731876743544015662e-01
4.042691122466215425e-01
2.945440608959620787e-01
1.543136788465712672e-01
-1.974008259314027902e-03
-1.580885463392063817e-01
-2.981652965379533726e-01
-4.086911483170047599e-01
-4.804492371985633059e-01
-5.100216241916259996e-01
-5.000358102005367789e-01
-4.576796775229725056e-01
-3.919574463124216313e-01
-3.109187122278498916e-01
-2.200656077635583241e-01
-1.224722916461187666e-01
-2.038294558455301317e-02
8.247729848074503156e-02
1.789436116214468964e-01
2.579429716730103350e-01
3.062883150987429914e-01
3.125287723342150548e-01
2.713959917406713052e-01
1.867398127391715623e-01
7.146681792428176416e-02
-5.549925326649481766e-02
-1.739465807792580920e-01
-2.671374236859004325e-01
-3.252239463780726147e-01
-3.464231412702177271e-01
-3.357337353269823077e-01
-3.018718726867875568e-01
-2.538001517724899903e-01
-1.982202589537792603e-01
-1.387270831825116457e-01
-7.652546594594061835e-02
-1.213912564392403276e-02
5.260611958937740085e-02
1.130881190445608420e-01
1.616312222779666963e-01
1.889543830049111028e-01
1.871120542034790946e-01
1.528771676479983022e-01
9.006601015763471274e-02
9.630748081010680542e-03
-7.271274767864602251e-02
-1.405477230472665928e-01
-1.811070120128948358e-01
-1.883917807299347880e-01
-1.639626876864132832e-01
-1.152299139144128404e-01
-5.214100321064878141e-02
1.621578859406761289e-02
8.376927400741535079e-02
1.478457778598092354e-01
2.080444495651913861e-01
2.643113758158046611e-01
3.149719511893030455e-01
3.554051946631198167e-01
3.779645386191294310e-01
3.735161934645157000e-01
3.343884273736352220e-01
2.577662103682833994e-01
1.481535872421008149e-01
1.782716589986927183e-02
-1.150182953138467051e-01
-2.300131915436249563e-01
-3.093404742860114687e-01
-3.421016973586550325e-01
-3.267133146512015140e-01
-2.702267691822106133e-01
-1.848811543442622218e-01
-8.363401705851780665e-02
2.324234189040237653e-02
1.293039765623948678e-01
2.309157640330826988e-01
3.250382481528625300e-01
4.070461450391581470e-01
4.696547564614441117e-01
5.036037370390057388e-01
5.000127085689390904e-01
4.534435846804780179e-01
3.642285802375823112e-01
2.390367080141975187e-01
8.971646794926307900e-02
-6.872279309427918592e-02
-2.201771342257587416e-01
-3.493876178757931439e-01
-4.439789466893366843e-01
-4.965107709486737408e-01
-5.058004070460665469e-01
-4.766109406760713485e-01
-4.175224676902367094e-01
-3.378898027602149634e-01
-2.453232938919497064e-01
-1.447567956348277396e-01
-3.930716247565779059e-02
6.764010666411160444e-02
1.701496169229476108e-01
2.584798449821849586e-01
3.198897523689282485e-01
3.417664553623264712e-01
3.160622392931306535e-01
2.430183057292651383e-01
1.322968433701877389e-01
9.777719648177383982e-04
-1.306302111910291330e-01
-2.437656406565533729e-01
-3.251676371850185654e-01
-3.692348087890668928e-01
-3.778900981233972445e-01
-3.583405689719197929e-01
-3.197228689016688996e-01
-2.700183403821799222e-01
-2.142943215202377516e-01
-1.545794696745197427e-01
-9.105643796465569262e-02
-2.398130592205007308e-02
4.434646451432931041e-02
1.083155204594975357e-01
1.591621305699454925e-01
1.869089804461488702e-01
1.836584719769445984e-01
1.469964809543488349e-01
8.196993368381447209e-02
6.249437117438264022e-04
-8.086088436830748960e-02
-1.464508595942312363e-01
-1.844316048662538454e-01
-1.900586336690698597e-01
-1.657840759120398355e-01
-1.191622829267789535e-01
-5.951293510050820190e-02
5.153042150601859148e-03
6.980301537955560520e-02
1.323274697255814314e-01
1.921635986284911946e-01
2.483299941502714325e-01
2.976383571840596765e-01
3.338052315890089883e-01
3.480658576535395343e-01
3.314758372621695037e-01
2.783186628330406309e-01
1.893129225388548997e-01
7.320055116462741152e-02
-5.407920082071630136e-02
-1.725281480973401282e-01
-2.627290039005936717e-01
-3.106737928587099407e-01
-3.111403062307711576e-01
-2.682169748025268197e-01
-1.927338037437853480e-01
-9.790202638106573763e-02
4.735870964640301328e-03
1.074323473523261241e-01
2.060530065625536533e-01
2.982588530815285521e-01
3.811753305622100907e-01
4.496434499862638767e-01
4.958745921892205866e-01
5.108314964375461065e-01
4.869070714495461472e-01
4.207541645976643485e-01
3.149840301564537093e-01
1.781303567316309955e-01
2.325437669909106997e-02
-1.339838668597590210e-01
-2.773036475189174510e-01
-3.919076444455549257e-01
-4.668226353929063044e-01
-4.969880244391829405e-01
-4.840613013876527426e-01
-4.352061070524427255e-01
-3.602294606329355942e-01
-2.684399204344701806e-01
-1.666955823943392923e-01
-5.935604086257154077e-02
5.010471420269212162e-02
1.567425843123654294e-01
2.522859750965379400e-01
3.249890818971268858e-01
3.618490981375535043e-01
3.526827422506563781e-01
2.943210378074147537e-01
1.928321157580929757e-01
6.267157050670164875e-02
-7.675077172823353833e-02
-2.056222792706528246e-01
-3.079510783855376466e-01
-3.744600458818545530e-01
-4.035257757111010424e-01
-3.999763160941378626e-01
-3.722618353131845748e-01
-3.291618747452003668e-01
-2.772765960423854148e-01
-2.200131100419608909e-01
-1.580789072914480231e-01
-9.105691006183602720e-02
-1.947763890288673611e-02
5.329396803052633552e-02
1.201431150155879563e-01
1.709512625412985820e-01
1.951652232100149764e-01
1.854678436994485480e-01
1.410750653884132177e-01
6.912907199977756656e-02
-1.656207139392634059e-02
-9.904144356034819130e-02
-1.627078449927730208e-01
-1.972373256751294712e-01
-1.995969516537539346e-01
-1.735511639325986455e-01
-1.270888166981403722e-01
-6.905862618040332912e-02
-6.480519582370069392e-03
5.655990658409994210e-02
1.183712310916405358e-01
1.780199990283459488e-01
2.333756295172641215e-01
2.796330530103350864e-01
3.090569043665761795e-01
3.124341261817460413e-01
2.820757163894185848e-01
2.153490067078550063e-01
1.172199391468037866e-01
5.719262276237466192e-04
-1.160465918477349978e-01
-2.126717536800364905e-01
-2.729379946978920946e-01
-2.882205751295935925e-01
-2.593208434264713258e-01
-1.949779153565759093e-01
-1.079783062011736572e-01
-1.077110262230355879e-02
8.753183384485178908e-02
1.819071924546618035e-01
2.702161497693407188e-01
3.509944264985240259e-01
4.212943080377479776e-01
4.754629154562356463e-01
5.054321377091511858e-01
5.025826958633745623e-01
4.605403241795029134e-01
3.777276425271250959e-01
2.586081354407355759e-01
1.133244817548535177e-01
-4.378252018643288140e-02
-1.961352277851140247e-01
-3.271406965973587821e-01
-4.227528668287258706e-01
-4.741158971745284001e-01
-4.793478494490783781e-01
-4.433809742608302851e-01
-3.756397450138900251e-01
-2.866180447503228756e-01
-1.850362912925421766e-01
-7.679593821855885960e-02
3.408760569234423055e-02
1.432935078824549568e-01
2.439542583950592702e-01
3.256762659429405793e-01
3.757744126252661743e-01
3.827041963156141424e-01
3.403691266790089820e-01
2.512129283843339556e-01
1.265372911630322506e-01
-1.600403643730751238e-02
-1.565135823804948423e-01
-2.770975758351381657e-01
-3.652218676316020263e-01
-4.155363481762350264e-01
-4.297710740809020935e-01
-4.147632409070100001e-01
-3.793724333501043988e-01
-3.314948215082625382e-01
-2.762065971281454924e-01
-2.154382637436670078e-01
-1.489949704819565901e-01
-7.644344258285153126e-02
7.404165638709456296e-04
7.750691049533114940e-02
1.448758409413603010e-01
1.914669985218084014e-01
2.067723737183841115e-01
1.850703557864883664e-01
1.283019763553670256e-01
4.652404210592514522e-02
-4.438343724522225697e-02
-1.269117358909545579e-01
-1.865040761727709551e-01
-2.149590141083317363e-01
-2.115590987491200170e-01
-1.817076091106993030e-01
-1.338852163632988646e-01
-7.638596577950268474e-02
-1.516393085920962093e-02
4.662069429714878199e-02
1.075731045460070340e-01
1.662334395130424802e-01
2.192572051401087407e-01
2.604173192702369799e-01
2.811121700221837494e-01
2.726125199113675346e-01
2.294637129279643584e-01
1.526860085933961220e-01
5.127175630971982090e-02
-5.887458613404503854e-02
-1.583984443694466948e-01
-2.293434543603816989e-01
-2.598302492002468322e-01
-2.468774714767799638e-01
-1.962332913435452242e-01
-1.193728091536128133e-01
-2.915493975011377442e-02
6.390143867725622817e-02
1.534012133890288454e-01
2.367269995539582617e-01
3.132376021344647765e-01
3.819871594652043956e-01
4.398579311252049373e-01
4.807956297861512018e-01
4.965520501362065686e-01
4.788505011979872772e-01
4.222430885896999442e-01
3.265179222603750708e-01
1.977387752812241328e-01
4.773368474634885616e-02
-1.075438323305192567e-01
-2.503327268354171298e-01
-3.639021165304154315e-01
-4.356938306227605695e-01
