2.999999999999999889e-01
3.277110473240879007e-01
3.541659645734395734e-01
3.791522859085925123e-01
4.024348652586975938e-01
4.237590878732273580e-01
4.428555714183085579e-01
4.594462448522763642e-01
4.732515692950859942e-01
4.839986343234182198e-01
4.914297157265041793e-01
4.953109722810504767e-01
4.954408237916834712e-01
4.916576193866510902e-01
4.838462220962327920e-01
4.719432065672037879e-01
4.559404587573345768e-01
4.358870537463200856e-01
4.118894003429200423e-01
3.841097432770304021e-01
3.527632007981872930e-01
3.181135848959294465e-01
2.804682923225532698e-01
2.401725688385182300e-01
1.976034347215564202e-01
1.531635227524836274e-01
1.072750239528509897e-01
6.037387113380930648e-02
1.290422267655188734e-02
-3.468675290928047855e-02
-8.195384053532171753e-02
-1.284585710071957376e-01
-1.737739347344338936e-01
-2.174890994292135171e-01
-2.592141855983947640e-01
-2.985851090799929164e-01
-3.352684452203650856e-01
-3.689662112267989569e-01
-3.994204089863660490e-01
-4.264171272288284631e-01
-4.497899753722250371e-01
-4.694226161020375043e-01
-4.852501818640428954e-01
-4.972594016360077362e-01
-5.054873256735826770e-01
-5.100186122463138405e-01
-5.109814248163080386e-01
-5.085420728359661968e-01
-5.028986071152719006e-01
-4.942736441391585300e-01
-4.829067380831512657e-01
-4.690466415512983822e-01
-4.529437956086254657e-01
-4.348433681121421368e-01
-4.149791200796480450e-01
-3.935683275250095314e-01
-3.708079260363885687e-01
-3.468719824726215206e-01
-3.219105369194208421e-01
-2.960498018232894379e-01
-2.693936560722495210e-01
-2.420263305043288959e-01
-2.140161475754438491e-01
-1.854201505820836093e-01
-1.562894353625640664e-01
-1.266749782247723055e-01
-9.663373674975116179e-02
-6.623478452133985117e-02
-3.556522696393563110e-02
-4.735634788029088882e-03
2.611527490533857923e-02
5.681697804961122200e-02
8.716476004425934010e-02
1.169188407873910374e-01
1.458051996259575045e-01
1.735182347135012793e-01
1.997253180889386470e-01
2.240732202125173544e-01
2.461962795553585825e-01
2.657260898071004962e-01
2.823023765384039541e-01
2.955846448896399248e-01
3.052641083782067777e-01
3.110753637604399824e-01
3.128072638005655048e-01
3.103124618651423861e-01
3.035151592581331603e-01
2.924166744087453029e-01
2.770985654507416851e-01
2.577231649353782794e-01
2.345315166338682866e-01
2.078388288568313869e-01
1.780276669006314316e-01
1.455391931073136413e-01
1.108628219379018676e-01
7.452468995360175819e-02
3.707534932067264172e-02
-9.229166511566765096e-04
-3.890878030947986232e-02
-7.633421291528862118e-02
-1.126761702877282223e-01
-1.474473377002875063e-01
-1.802056800696040240e-01
-2.105625719791033856e-01
-2.381893123745065788e-01
-2.628218639339907625e-01
-2.842636999526096941e-01
-3.023866938051380515e-01
-3.171300477140305274e-01
-3.284973267753202864e-01
-3.365517372907838589e-01
-3.414098600436832331e-01
-3.432341114024454187e-01
-3.422242780136409146e-01
-3.386084557348184032e-01
-3.326337962141124871e-01
-3.245574271529086952e-01
-3.146378861152191453e-01
-3.031273684273159685e-01
-2.902650292584108005e-01
-2.762715144832190717e-01
-2.613448264398471332e-01
-2.456575638968689079e-01
-2.293555183562951960e-01
-2.125575582121874141e-01
-1.953566958105608098e-01
-1.778222050684345468e-01
-1.600026415734806806e-01
-1.419296081968764445e-01
-1.236221066149354314e-01
-1.050913146428647943e-01
-8.634562972843459749e-02
-6.739581804695166101e-02
-4.826010576224846332e-02
-2.896904449013585833e-02
-9.569977906644561855e-03
9.869068375787919817e-03
2.925625172529045664e-02
4.847370572139152178e-02
6.737642173437041748e-02
8.579235491199808938e-02
1.035238609068686727e-01
1.203505135862437125e-01
1.360333110208008511e-01
1.503202062412167528e-01
1.629528334988469274e-01
1.736742323871565130e-01
1.822373114238564906e-01
1.884137338568992459e-01
1.920028760345861563e-01
1.928404776039534252e-01
1.908066048062118658e-01
1.858325645073359844e-01
1.779064440279782555e-01
1.670770070781600891e-01
1.534557457774237688e-01
1.372169634764947299e-01
1.185958469222381656e-01
9.788456725891804544e-02
7.542652405932934179e-02
5.160891213640841912e-02
2.685386120547448782e-02
1.608403843316386778e-03
-2.366636802900169353e-02
-4.850665145707948323e-02
-7.245739949648613565e-02
-9.508356155978858748e-02
-1.159807231297733388e-01
-1.347848082222029842e-01
-1.511805158002956506e-01
-1.649082118194384883e-01
-1.757690404316659405e-01
-1.836280832128813212e-01
-1.884154687307439680e-01
-1.901254173973495609e-01
-1.888132907699242857e-01
-1.845907995354497122e-01
-1.776196025130395151e-01
-1.681036015982761422e-01
-1.562802848322543681e-01
-1.424114860456683895e-01
-1.267739824143270244e-01
-1.096502886935448451e-01
-9.132001489987565113e-02
-7.205208870484570982e-02
-5.209808891291319022e-02
-3.168687612151040861e-02
-1.102061951898708134e-02
9.727731025735569803e-03
3.041555134970179430e-02
5.093030586678454902e-02
7.118808483039010260e-02
9.113106967950816706e-02
1.107240963428095942e-01
1.299505004622065196e-01
1.488074276936602325e-01
1.673007873623396091e-01
1.854400192962197824e-01
2.032328340018915713e-01
2.206800766694406168e-01
2.377708595311113782e-01
