-2.999999999999999889e-01
-2.403584635911700795e-01
-1.661342484391639396e-01
-9.288095840450737162e-02
-3.295760082138812080e-02
7.214157873413307512e-03
2.771652008454987548e-02
3.342363610996799961e-02
3.074636627709777248e-02
2.420547530153726451e-02
1.428036350973004888e-02
-2.580272332978190801e-03
-3.183209530707020035e-02
-7.752766676639255561e-02
-1.392334216522602419e-01
-2.104534232727930387e-01
-2.792356302265996959e-01
-3.308502205059826728e-01
-3.517227819861120652e-01
-3.333220890249704027e-01
-2.746317068385383808e-01
-1.823699672428689411e-01
-6.909263912339588809e-02
4.989585516765916717e-02
1.597676295620991671e-01
2.488323903914367585e-01
3.102108337193219545e-01
3.421182655206783108e-01
3.465399931644696507e-01
3.267657645013583023e-01
2.850481930318292667e-01
2.217699143491334568e-01
1.366730929554919594e-01
3.149136035193469962e-02
-8.744765380647444297e-02
-2.080625575741984756e-01
-3.136341901830746459e-01
-3.862140236942875893e-01
-4.113970212598833665e-01
-3.826716233100765363e-01
-3.034107884496521912e-01
-1.856063413971470732e-01
-4.613506696355740982e-02
9.759207296497424133e-02
2.309817539730487645e-01
3.439828635223678432e-01
4.313283278274627763e-01
4.916463894835226833e-01
5.257959603007594795e-01
5.349611230096104064e-01
5.192757073643362586e-01
4.776227961454495019e-01
4.086619720895458552e-01
3.125037781604120823e-01
1.922769492394570123e-01
5.512779231623255588e-02
-8.751336001018507338e-02
-2.206103355820435430e-01
-3.275143364429938253e-01
-3.933610984826915735e-01
-4.090765669826922912e-01
-3.743301163734426562e-01
-2.978551852452408499e-01
-1.947953937246305056e-01
-8.225178764668450437e-02
2.507606495522391940e-02
1.175890813253330919e-01
1.911278861242646510e-01
2.451903185607325897e-01
2.800903850439450116e-01
2.946015747364423842e-01
2.854047983930960153e-01
2.486661485092463153e-01
1.828344428262155819e-01
9.110684515752202894e-02
-1.764417093960519295e-02
-1.298012290327051066e-01
-2.294379698761211950e-01
-3.016809918591720208e-01
-3.362679387122412544e-01
-3.302917824654361678e-01
-2.890614635516972064e-01
-2.245617705731144664e-01
-1.519648783156280492e-01
-8.541276606757786105e-02
-3.447772747178688701e-02
-2.402185305875496196e-03
1.338103633087087130e-02
1.872813730503522858e-02
1.930732005383021394e-02
1.761198045260812736e-02
1.171343067053744885e-02
-3.727957671155264670e-03
-3.462143102128723698e-02
-8.396683918763472865e-02
-1.491858764971976115e-01
-2.213657733443371023e-01
-2.867812218139387248e-01
-3.302721390819841618e-01
-3.394295927750907715e-01
-3.081974064348653175e-01
-2.386293130129222562e-01
-1.402632852605828762e-01
-2.755178349226090895e-02
8.360908651870896380e-02
1.792363250125174612e-01
2.497841843126470673e-01
2.912750219942536467e-01
3.046395008795753090e-01
2.934495832026082218e-01
2.611186848161538010e-01
2.091140547611786138e-01
1.372265029785129653e-01
4.574644192730544651e-02
-6.167526873345105520e-02
-1.760378541518456130e-01
-2.830262152410934484e-01
-3.654352606314332230e-01
-4.074182317491655270e-01
-3.990866926682494764e-01
-3.395366496624175889e-01
-2.369404283205326645e-01
-1.058259053812401623e-01
3.696623853341306914e-02
1.758985026472394408e-01
2.989693775761303463e-01
3.985455074762933037e-01
4.711534444863397231e-01
5.164848540027390245e-01
5.358127753593452391e-01
5.302807150081707555e-01
4.998108350161380442e-01
4.432205495669777062e-01
3.595191141945513480e-01
2.497604197569414097e-01
1.186946420519974371e-01
-2.429300844729917822e-02
-1.652741464424969109e-01
-2.872427718891537585e-01
-3.731805473881869561e-01
-4.102677624825609715e-01
-3.937770438241841586e-01
-3.287747877258305196e-01
-2.286172778954826124e-01
-1.108805448478297068e-01
7.443899865974743651e-03
1.136226266330496726e-01
2.006410685191790944e-01
2.663245438446789626e-01
3.108463883810554940e-01
3.339918436565872395e-01
3.336685331576833557e-01
3.064827787681412286e-01
2.499938856466391024e-01
1.653088685986437711e-01
5.864906438222752122e-02
-5.872999300650412480e-02
-1.721190603343381864e-01
-2.660105331389652772e-01
-3.273670159699422766e-01
-3.488043718154560935e-01
-3.306466671777893995e-01
-2.808972019387513952e-01
-2.129188138401150177e-01
-1.415932457896015573e-01
-7.931051243450781829e-02
-3.311527111039391791e-02
-3.885258448963692553e-03
1.227292142352643528e-02
2.101581598307975668e-02
2.638877147972300621e-02
2.850749008694030903e-02
2.329760404984752842e-02
4.434976536942854090e-03
-3.330984607179805768e-02
-9.072820718402471729e-02
-1.622332530628394776e-01
-2.361448483191572190e-01
-2.971946589646465298e-01
-3.305092833830507448e-01
-3.258193692414176890e-01
-2.804716716111042563e-01
-2.001943817429903127e-01
-9.746118768883892114e-02
1.178538918283896994e-02
1.119075936053116754e-01
1.908408530127560232e-01
2.420943326170585941e-01
2.649154756472844041e-01
2.625208187186336417e-01
2.391699081084384393e-01
1.975985463371091877e-01
1.382261993778380049e-01
6.055062382588167341e-02
-3.408983724786984748e-02
-1.399054487390272994e-01
-2.456088906511000314e-01
-3.356745271212945858e-01
-3.937487928398987758e-01
-4.071373428827285701e-01
-3.706226545172685571e-01
-2.879512690393814522e-01
-1.704182617360467111e-01
-3.345411155604311598e-02
1.070991662407269618e-01
2.377117442235525402e-01
3.485419697798621264e-01
4.337737769634928409e-01
4.912361746493483228e-01
5.213756655909514981e-01
5.256946019902521972e-01
5.051725154773113458e-01
4.594733407847857443e-01
3.874661697738371879e-01
2.888843137227998237e-01
1.663779093236638085e-01
2.713425370270939815e-02
-1.165351184127000755e-01
-2.480727115527144033e-01
-3.493094291005759966e-01
-4.046285246873411734e-01
-4.054489083762681800e-01
-3.530752677820419017e-01
-2.583925283229845382e-01
-1.384612148691275468e-01
-1.162024996171211536e-02
1.068657147295424548e-01
2.072189231177448410e-01
2.851962846167821475e-01
3.401939344982146674e-01
3.725068159356475506e-01
3.811954246525111611e-01
3.636979479498525514e-01
3.173172942400186991e-01
2.416132679851840104e-01
1.403376085601262535e-01
2.205826313266920011e-02
-1.005877814202961185e-01
-2.127003728308316521e-01
-2.997206800751558431e-01
-3.505162275924885718e-01
-3.602082001559964719e-01
-3.316386191449234300e-01
-2.746440184118016936e-01
-2.032082277663925796e-01
-1.315028646373005150e-01
-7.022518963260820923e-02
-2.444334732249355685e-02
6.408971484692833898e-03
2.649462197333370128e-02
4.036046331057600856e-02
4.991924877450469589e-02
5.295923430762663336e-02
4.389248581480748729e-02
1.648151711088101379e-02
-3.260890274335529609e-02
-1.009691967158958398e-01
-1.795320828963645476e-01
-2.540226618662396740e-01
-3.083718640984518533e-01
-3.290665856455364247e-01
-3.090433111966102708e-01
-2.497742912255662973e-01
-1.608280695192703669e-01
-5.719018653553212261e-02
4.460682147127178337e-02
1.303340096275378279e-01
1.908958558953435802e-01
2.233889580849988399e-01
2.300424121949209977e-01
2.154840015369513251e-01
1.836661529583268060e-01
1.360638302907731523e-01
7.207462821200931458e-02
-8.676523056530197411e-03
-1.034195996581146193e-01
-2.042537617226306002e-01
-2.981844572443203556e-01
-3.694528911953937067e-01
-4.035215101970900387e-01
-3.912890822247492850e-01
-3.318037484809214233e-01
-2.323298184517264275e-01
-1.059461083458317771e-01
3.198055513982817066e-02
1.669229002250793292e-01
2.871402790874149069e-01
3.845252221340662024e-01
4.547261507209677256e-01
4.966796961526830367e-01
5.114737742411042953e-01
5.007179060548586635e-01
4.651146803922598383e-01
4.040901312629775477e-01
3.168472966932754376e-01
2.044148598459595290e-01
7.177414120502115247e-02
-7.083350030368772143e-02
-2.080683275598961546e-01
-3.215270530085390099e-01
-3.936125714967764755e-01
-4.123075567898610294e-01
-3.749801400538557705e-01
-2.893341452697456573e-01
-1.709436622408979090e-01
-3.858563074244231172e-02
9.054576396450005060e-02
2.040641609153232561e-01
2.953555745005488897e-01
3.624447263280468068e-01
4.055661851882870206e-01
4.246968178613184097e-01
4.183150574990228687e-01
3.839716151213384832e-01
3.201848984683616783e-01
2.284766487732707851e-01
1.145358841130645067e-01
-1.177663267913494835e-02
-1.373647312390877118e-01
-2.475978117717604343e-01
-3.287741598916318342e-01
-3.711012581305037084e-01
-3.713377119654442393e-01
-3.339019774025940857e-01
-2.697014732770736667e-01
-1.929686616414242883e-01
-1.172899346596577158e-01
-5.227248377631737303e-02
-1.954181095796648539e-03
3.460289718061602959e-02
6.088548423444054697e-02
7.974544983523129682e-02
9.090430598817708652e-02
9.035104572281260626e-02
7.201133187259055324e-02
3.099950399040999824e-02
-3.300700613151028723e-02
-1.137890981249286421e-01
-1.988830815691219056e-01
-2.721391332045594025e-01
-3.177952006766688875e-01
-3.248391278419110462e-01
-2.902206043642782674e-01
-2.197543581374585275e-01
-1.264178024449913451e-01
-2.675734306826688808e-02
6.332868730314412942e-02
1.321832986576024216e-01
1.743863034793192712e-01
1.905698080307860198e-01
1.851663553080241109e-01
1.631323624189317811e-01
1.272761691430671638e-01
7.753044609200783477e-02
1.245396486974023609e-02
-6.791463084099143288e-02
-1.593515985769054233e-01
-2.522603655793799193e-01
-3.327021935335268132e-01
-3.854819719325930927e-01
-3.982916235415976947e-01
-3.653414033667820027e-01
-2.889826032283706048e-01
-1.787407730319567900e-01
-4.846233048062231069e-02
8.697956762005534803e-02
2.142354482084405376e-01
3.229423367842526593e-01
4.063605589130838136e-01
4.614224864097516421e-01
4.881077885658490767e-01
4.880576192067834218e-01
4.628420822473270357e-01
4.128007830605674999e-01
3.372644010475650544e-01
2.362119415376539577e-01
1.126095925212268201e-01
-2.564635091827407315e-02
-1.650997345610538125e-01
-2.880066297619878202e-01
-3.756608521203378404e-01
-4.131403113719225861e-01
-3.938225796510499976e-01
-3.215903812617640911e-01
-2.095629140170268134e-01
-7.600058210373071554e-02
6.065949429438870916e-02
1.857119724481922918e-01
2.900321417293432735e-01
3.697885063539460559e-01
4.245597821363778501e-01
4.548443235097645032e-01
4.601768059530157995e-01
4.387606672761881765e-01
3.886544835097092143e-01
3.096663927958250850e-01
2.048886256274569384e-01
8.131680692591529425e-02
-5.038107415589820198e-02
-1.767567250066619799e-01
-2.832225831616930201e-01
-3.565954857650443510e-01
-3.881875463696958795e-01
-3.763557584663276834e-01
-3.272191525747080165e-01
-2.529537574980627035e-01
-1.682423726883854331e-01
-8.627859514748109637e-02
-1.579614498242293621e-02
3.991376256589618948e-02
8.180419389572088362e-02
1.123292705104565470e-01
1.324560723867991563e-01
1.399084180014103507e-01
1.295998074153737745e-01
9.615319321355478288e-02
3.733587188848472294e-02
-4.322600555416273443e-02
-1.353039347245327539e-01
-2.236597035619660168e-01
-2.915182448891616707e-01
-3.249285530524491650e-01
-3.166856206586252664e-01
-2.684521920656640637e-01
-1.902632111262018144e-01
-9.761436631158323940e-02
-7.226791989580294215e-03
6.711729373511993169e-02
1.174527233599963610e-01
1.424013438758133243e-01
1.456374696524723455e-01
1.327469306382220160e-01
1.079573241532955780e-01
7.230914465134564983e-02
2.409005633090424356e-02
-3.879764453071903041e-02
-1.157764896493420487e-01
-2.013326833310288000e-01
-2.846433587597712589e-01
-3.514148109569675826e-01
-3.874216419482527929e-01
-3.825301512893484190e-01
-3.336622454359936540e-01
-2.455328432633899216e-01
-1.290494893475955807e-01
1.645834949253313639e-03
1.321581928732440403e-01
2.500156107467426669e-01
3.459549929762671394e-01
4.145300279302233104e-01
4.540297166007559726e-01
4.655009536553107452e-01
4.509983123734506161e-01
4.118469533661228699e-01
3.479881806398745780e-01
2.589653207056893947e-01
1.461523829781736783e-01
1.514188845004821662e-02
-1.228671971526143908e-01
-2.515101074187077179e-01
-3.518760845790310787e-01
-4.069491604672840768e-01
-4.065115531225476642e-01
-3.504280516884468177e-01
-2.486714870784801912e-01
-1.180915061175509539e-01
2.243310776791121453e-02
1.563928374056761939e-01
2.722790691082783154e-01
3.641308980219578051e-01
4.303306079712945764e-01
4.713744606296542683e-01
4.876498461350629032e-01
4.782592435595464653e-01
4.413834095513222144e-01
3.757934016071224903e-01
2.825556627631731210e-01
1.661424272206636354e-01
3.475901660695331769e-02
-9.995177316616744856e-02
-2.238452557886946304e-01
-3.221509535755338050e-01
-3.823815846063195467e-01
-3.975992640296516778e-01
-3.686612591760539126e-01
-3.041892275074872809e-01
-2.180442242413161147e-01
-1.253176365658123514e-01
-3.844860370038910569e-02
3.513783523475384057e-02
9.317921735994967591e-02
1.366784284847672448e-01
1.669492699780369127e-01
1.830998196044917592e-01
1.813068950951877423e-01
1.563647099088729953e-01
1.047860402816952197e-01
2.790210213910723769e-02
-6.654359803161365161e-02
-1.650260964671057817e-01
-2.509196230086521151e-01
-3.084738758979508333e-01
-3.269843271911704874e-01
-3.038374973575358462e-01
-2.452879448481425917e-01
-1.646065710822748607e-01
-7.827604359746212492e-02
-1.570391986668911478e-03
5.508339667193055955e-02
8.788967495770431959e-02
9.910519729464280225e-02
9.440550800812204379e-02
7.937331832901148299e-02
5.670751247865980088e-02
2.539735345999266300e-02
-1.785162972235375400e-02
-7.569732420023217445e-02
-1.471306640952284583e-01
-2.257017820338422798e-01
-2.998169787368163419e-01
-3.551349082734883700e-01
-3.783260457486603556e-01
-3.608897608681483904e-01
-3.015953235990470049e-01
-2.066657859322600099e-01
-8.787931495914799718e-02
4.036338062319603376e-02
1.638571386974520538e-01
2.707035964102005865e-01
3.526597110040038952e-01
4.057117859169722118e-01
4.296451271397874194e-01
4.265077395761583401e-01
3.985187051661723268e-01
3.465733476008968639e-01
2.703486511543924387e-01
1.701016859592526798e-01
4.926356044675329893e-02
-8.348941478514113057e-02
-2.137969639650338372e-01
-3.233983950538030228e-01
-3.940354909296578945e-01
-4.124310776582529869e-01
-3.744108832796869124e-01
-2.862270672427356666e-01
-1.624417956972479260e-01
-2.151839336321301546e-02
1.188324618581945158e-01
2.449444343918862343e-01
3.485402296894294372e-01
4.262892005514203886e-01
4.780854996987572991e-01
5.048140141059321850e-01
5.065756397499328045e-01
4.821719709509628693e-01
4.299754127767202450e-01
3.495508322431294390e-01
2.431469034099796589e-01
1.165533887811373709e-01
-2.068694426266140182e-02
-1.556572944764288424e-01
-2.732860009625840414e-01
-3.587502495452653539e-01
-4.008661113791039399e-01
-3.953519467420867350e-01
-3.463909822102821945e-01
-2.655126417489577784e-01
-1.681471728868831061e-01
-6.931789729715004400e-02
1.983602287811478404e-02
9.354809314735536285e-02
1.506221316680939060e-01
1.919311483508749083e-01
2.175358476987381551e-01
2.249669970008583431e-01
2.096690217566611336e-01
1.674423919102215885e-01
9.760825505534535818e-02
5.270531289612530312e-03
-9.837985468466083072e-02
-1.978444029600263943e-01
-2.766463094021993085e-01
-3.213508150458905810e-01
-3.251645581985966871e-01
-2.898870924900083801e-01
-2.253852982286317086e-01
-1.466932360959697923e-01
-6.976598082123161571e-02
-7.319521162598886452e-03
3.395173242947806952e-02
5.395693282582772476e-02
5.748102307396851102e-02
5.090326691933070441e-02
3.878267295012936128e-02
2.178842954016207978e-02
-3.169318747658127211e-03
-4.074032024122622997e-02
-9.388308689608863833e-02
-1.609843282763857297e-01
-2.345726019827401032e-01
-3.022074599479354640e-01
-3.493419550225344006e-01
-3.632602652266536114e-01
-3.367394852545345652e-01
-2.701056013319375060e-01
-1.710129562931190228e-01
-5.229391827696865808e-02
7.107499110220276417e-02
1.848829605129566900e-01
2.779477605945460117e-01
3.435140163093025056e-01
3.795105538876673013e-01
3.874224328563543041e-01
3.700870850503354959e-01
3.295068648024753188e-01
2.659956948742288607e-01
1.792738408959455854e-01
7.097093104088758597e-02
-5.279219163759016342e-02
-1.801140446531834804e-01
-2.941896220369361048e-01
-3.765031362829074357e-01
-4.115850309051727884e-01
-3.916389300844352883e-01
-3.189936518717720881e-01
-2.052126731583384933e-01
-6.742446838500439077e-02
7.628367433652745444e-02
2.106061355377690791e-01
3.250367036350492733e-01
4.141714840069073977e-01
4.766619168346310498e-01
5.133175163432587285e-01
5.250791702992015919e-01
5.117283730358217486e-01
4.719051214039852171e-01
4.043064295773485251e-01
3.093443302606982415e-01
1.905159890129541622e-01
5.515553320606909893e-02
-8.545665523233986205e-02
-2.167709604326688022e-01
-3.228106396887628904e-01
-3.893260931049937756e-01
-4.075617981848876914e-01
-3.770850078593245835e-01
-3.061563200994019129e-01
-2.092565669313032894e-01
-1.028288297466185275e-01
-1.032022209083648459e-03
8.694283750079667694e-02
1.572471625535466766e-01
2.096210992013538554e-01
2.445371537389886829e-01
2.607775327274688415e-01
2.548027365703520730e-01
2.223136156437639510e-01
1.611605712924335521e-01
7.402420079336016756e-02
-3.046043894822289891e-02
-1.385835417083527421e-01
-2.341253177628097593e-01
-3.019443135122628630e-01
-3.317290135998588463e-01
-3.208076940801309340e-01
-2.749351813181244442e-01
-2.066029230897936664e-01
-1.314077981284945129e-01
-6.374697960712417955e-02
-1.325207645439265697e-02
1.694406681955478583e-02
2.961651278476955598e-02
3.084146962732267974e-02
2.646820056049098424e-02
1.915733784137631929e-02
7.226146280846200594e-03
-1.424347439693464043e-02
-5.054002458882184828e-02
-1.039310279254752195e-01
-1.711670655088669835e-01
-2.429166567168022650e-01
-3.054325031817589076e-01
-3.439781039198313017e-01
-3.469287836262385238e-01
-3.091463734958503351e-01
-2.334331859826280220e-01
-1.296657300577817029e-01
-1.217879738274634145e-02
1.035264394361651297e-01
2.038320790345131417e-01
2.792624820465445801e-01
3.255362135667481116e-01
3.430401442867689332e-01
3.347997712149525240e-01
3.038621920846517610e-01
2.515509686959295221e-01
1.776661698550075497e-01
8.256669727850991791e-02
-3.000969714746198891e-02
-1.509115738743273261e-01
-2.654963016907488926e-01
-3.559498368190932571e-01
-4.055506583207050264e-01
-4.034724151556827176e-01
-3.481345248325707908e-01
-2.475557763533942912e-01
-1.166647685701919096e-01
2.696369487352394054e-02
1.670716964829413731e-01
2.912466803649710889e-01
3.918571145866239780e-01
4.657071886306036190e-01
5.127467858437735337e-01
5.342298303112162916e-01
5.309711174184367222e-01
5.024737393842684252e-01
4.473413076069419070e-01
3.647084514951297596e-01
2.559604356390249302e-01
1.260858621554969139e-01
-1.564158476305101131e-02
-1.558127715717791961e-01
-2.781773709011499118e-01
-3.663904875524835458e-01
-4.079073983585497776e-01
-3.977256677691444753e-01
-3.401838639443075518e-01
-2.477373875194367747e-01
-1.371736258776746764e-01
-2.495034949862500601e-02
7.649798658684947572e-02
1.603210816718618204e-01
2.244567566108326417e-01
2.691513173817151605e-01
2.941629626095443872e-01
2.971836050589518052e-01
2.743797335053639319e-01
2.227385600204128679e-01
1.428749672697580964e-01
4.081418225324202204e-02
-7.202001252867923364e-02
-1.805313751349736373e-01
-2.688941337908937745e-01
-3.240910947685843868e-01
-3.391995802509407687e-01
-3.153308919502579855e-01
-2.613386837114776151e-01
-1.912281758785808194e-01
-1.201467165386583685e-01
-6.033930002346546417e-02
-1.837424956648168670e-02
5.523640051524089482e-03
1.589709401356481991e-02
1.890933985865238601e-02
1.892801063296160533e-02
1.626661556618583249e-02
7.029805235860732068e-03
-1.487349247931534293e-02
-5.439356197429684459e-02
-1.120748601185193039e-01
-1.822144818512330677e-01
-2.532180213963126092e-01
-3.101241508820357096e-01
-3.385437355196198039e-01
-3.287533088186009311e-01
-2.785395578733373401e-01
-1.938144527214984980e-01
-8.693716676080016914e-02
2.645034145617498195e-02
1.309732076711705440e-01
2.145757369900223033e-01
2.704410265068356578e-01
2.972598152297310503e-01
2.976787120425641309e-01
2.755644705433295538e-01
2.335054455683911456e-01
1.719751451955023325e-01
9.064666682955030419e-02
-8.894507920118567557e-03
-1.205356839714317452e-01
-2.325499913182523526e-01
-3.288245548609580737e-01
-3.923116494580533575e-01
-4.096643257825730022e-01
-3.752672907519252199e-01
-2.928843758285109566e-01
-1.742418915978241334e-01
-3.544137139627358268e-02
1.070252596860455097e-01
2.392314399379602552e-01
3.513041603402373703e-01
4.377051854545651599e-01
4.966413182765551659e-01
5.287790284406352903e-01
5.355359181453570594e-01
5.175674446713940391e-01
4.741968988005751950e-01
4.041336522255295494e-01
3.071410433627821956e-01
1.858991190428913309e-01
4.738446704041142377e-02
-9.664311773643002867e-02
-2.303744779357597972e-01
-3.362388546295035918e-01
-3.986961323104965538e-01
-4.085521594744572771e-01
-3.659777742356730146e-01
-2.806245404784003528e-01
-1.686362107304000824e-01
-4.793393269259546563e-02
6.622532194526736804e-02
1.638904357854444327e-01
2.406670010324371833e-01
2.958983825179277161e-01
3.298627262064539600e-01
3.414994258426333751e-01
3.279146805397537556e-01
2.859046473841329594e-01
2.145502318916465700e-01
1.174122281135759338e-01
3.290993878345208935e-03
-1.146311494684561089e-01
-2.209220601709258602e-01
-3.008834715103151924e-01
-3.438651091742406241e-01
-3.460372664488434724e-01
-3.115361049330561127e-01
-2.513095187279446585e-01
-1.799337495619941774e-01
-1.115216872050024122e-01
-5.613126808521107236e-02
-1.782261215871355081e-02
5.071776653042934027e-03
1.765844955712984540e-02
2.512764377302447588e-02
2.973309109712515483e-02
2.939762976479154410e-02
1.856833623484780912e-02
-9.007047935358969762e-03
-5.674150523093120929e-02
-1.223993048061549072e-01
-1.971937279020578304e-01
-2.672151289575768196e-01
-3.167979350704865915e-01
-3.328011379155008109e-01
-3.084108404419999561e-01
-2.451438540584047754e-01
-1.523918156384710954e-01
-4.483502003686029580e-02
6.124155718165349288e-02
1.516054019399969144e-01
2.168191038985805563e-01
2.533838113222871558e-01
2.628933934605252043e-01
2.495149205678167115e-01
2.170181513899260006e-01
1.669532722123224233e-01
9.897392073599821372e-02
1.307757665309108863e-02
-8.750311636610987043e-02
-1.943180639787280006e-01
-2.937512411771109888e-01
-3.694133990535000134e-01
-4.062569045960615077e-01
-3.949500927928144001e-01
-3.346911492721421078e-01
-2.332390861391855919e-01
-1.043408941136873963e-01
3.602096383265727952e-02
1.729412585556346083e-01
2.946245554433982172e-01
3.931972059849164203e-01
4.646839292004032451e-01
5.083338307290440339e-01
5.253171678953661994e-01
5.170675805669253666e-01
4.839768478169705901e-01
4.251997204787044127e-01
3.397909754819091743e-01
2.286777669905872001e-01
9.661380832139455921e-02
-4.663094232759461277e-02
-1.863613445547399050e-01
-3.047136780698034286e-01
-3.841693334161562778e-01
-4.121210671039298168e-01
-3.847966579440731394e-01
-3.086208132067670973e-01
-1.982085237955236723e-01
-7.193361717025888169e-02
5.292975959923489765e-02
1.636917454460800336e-01
2.534621232028856919e-01
3.201266883206024816e-01
3.638673631593829505e-01
3.845548036726005869e-01
3.803981884746437392e-01
3.485428479609617991e-01
2.871540643316198849e-01
1.977098022816419498e-01
8.632160323457147011e-02
-3.634292255079542983e-02
-1.563357378634887551e-01
-2.586050981625771517e-01
-3.298541848765716433e-01
-3.616128599052728099e-01
-3.525650560011283630e-01
-3.090513600003449435e-01
-2.432817295826906201e-01
-1.698082940618648728e-01
-1.015390752416670261e-01
-4.667218976717378565e-02
-7.524151078106776011e-03
1.844717620897409413e-02
3.590633192021816522e-02
4.834988795233860492e-02
5.569169886344358528e-02
5.382557028901653606e-02
3.642966808014603403e-02
-1.721236628068597251e-03
-6.136375648505423830e-02
-1.367422174225730314e-01
-2.158615885530686118e-01
-2.830025317536659091e-01
-3.227593074269728968e-01
-3.243571339214669225e-01
-2.848091007667559182e-01
-2.097943249579997671e-01
-1.120151600357835175e-01
-7.759877338647649947e-03
8.712202031962007487e-02
1.606933702016807852e-01
2.069624928457640678e-01
2.258836980421896068e-01
2.213317260740859382e-01
1.979764441818361587e-01
1.586500435536940257e-01
1.035896271037936994e-01
3.189402415720127282e-02
-5.566838531581556199e-02
-1.540185925434305048e-01
-2.526809900659121588e-01
-3.369608228801417860e-01
-3.912071235812228931e-01
-4.031080929889424569e-01
-3.673599622414043253e-01
-2.871535263535769378e-01
-1.729367606823339065e-01
-3.928073269302186088e-02
9.858687119144052269e-02
2.273551124520293287e-01
3.369936489276039171e-01
4.212183627594912605e-01
4.773497033012074064e-01
5.055420369307590533e-01
5.073586445616016238e-01
4.841220247902997542e-01
4.358979293538047251e-01
3.618155998585786959e-01
2.617070368033992955e-01
1.383316303576446193e-01
-7.867734096469597427e-04
-1.427076036952000526e-01
-2.701452501784758486e-01
-3.644925756887580914e-01
-4.103496102603719775e-01
-4.000892941205008158e-01
-3.364041174501343767e-01
-2.314772886762121451e-01
-1.031595320388968839e-01
3.001904026643742451e-02
1.529940335465950763e-01
2.562768697504075877e-01
3.358055102300734340e-01
3.910401711074723563e-01
4.223566192894692151e-01
4.290636522221480398e-01
4.090466020756638454e-01
3.600951705264624492e-01
2.819989768494797211e-01
1.782184897225738696e-01
5.647042348542084811e-02
-7.173764565445295283e-02
-1.923759081186016129e-01
-2.909175762228281559e-01
-3.550921033264718418e-01
-3.778560513183797931e-01
-3.594820033909331136e-01
-3.076615669159356581e-01
-2.353150028179690212e-01
-1.568726580959408645e-01
-8.442924627306955254e-02
-2.512108516257640853e-02
1.945173934183485817e-02
5.168371511291781212e-02
7.502162584812963053e-02
9.094004347186412929e-02
9.725217142111883262e-02
8.862672338069725597e-02
5.917137511130779459e-02
